1006 9
862954963
553580225
215644754
257973679
805028548
536006992
151441386
694541502
594477557
118973487
883330214
957808517
939215340
602941212
459048414
464857951
490711898
104746405
651630150
755139120
195215972
643751774
759090159
769116055
714910263
706033085
223673772
363105689
288345516
356428833
978852064
645033507
764133880
581593934
628800352
946930611
939400077
993253223
505964333
570761502
913568750
975881245
901273922
680041902
625383173
605186322
754413798
569513509
291271612
906074999
445591645
285768422
297926047
489631959
910369130
749641902
476492437
157995352
336584851
684457069
548398264
471202587
273987732
317329156
238548028
123894287
189490494
512036503
255522198
735702987
583906454
298172952
390241606
222821880
362678889
188050942
213604119
277269431
887016617
462105969
937463683
462203426
990596256
942419637
151034458
335244948
833755058
902751491
976804035
644838732
144483159
232480451
682129728
933053824
356401076
524937134
909270663
694019713
200567651
641478188
135150869
978405410
390247610
657418198
301620721
620815617
359408221
749044912
900703707
788829099
656336068
988271747
912183214
380455244
214806152
245448124
217229147
412563032
188795172
285010387
875439011
990423550
278756358
777379783
614049443
588919418
255298379
443243825
212618638
827429060
759789798
726700231
745824601
681828160
367247557
910150100
830166078
983447852
668569878
807170373
204750283
463765281
411446157
689454218
456432186
328652176
240877334
399312481
110772068
778246747
854915288
734438674
734087367
215774662
985605903
606158868
820151006
173363070
452679054
111386741
412878396
769596662
771091042
530754180
540260435
870527975
136191480
507080166
294963297
416138827
553827231
807735277
423309848
338890243
878383179
518768593
884680962
965469246
373639033
353249905
548627293
617334864
201326486
726268462
245128905
549463084
145063677
580541554
994154743
135290404
261215055
326351585
788016446
432302042
330348644
268077810
611426853
395250968
542941590
716922070
334826401
223008649
113239441
954197403
192985068
723083060
395226851
280011725
424483226
809896240
797277451
689456848
627874665
216324263
257753631
395338239
193678588
856572133
170741900
960584601
718494573
377005060
196726646
708322160
889224710
144592454
959523896
946767855
640911935
697659510
108576409
478261632
254306087
285010752
626685369
722700140
103836330
455865916
968153402
696174600
831744905
558594955
853282810
359721794
915087180
372178935
904347279
322612019
502232988
204800034
352650760
149578537
525842917
665391554
252367842
282248707
775799407
753155191
224923886
526833967
479418479
442240996
687707151
419955699
571824920
107369425
550877823
280400436
853475262
545125187
191490620
989491894
781473900
310069551
353717798
396484034
542797073
542957759
880437748
635473712
980928289
440073001
324537227
222738716
744302541
844018026
344956709
839991286
566361571
866853242
116095431
559991090
382118033
949781176
288795647
761764895
653889928
187190436
837531837
376245960
614832962
248122331
126843898
138346360
645572835
992984812
467689967
738691381
703554147
158557294
273240575
207068927
740863508
683181732
649962976
997337530
518019806
815904376
445645643
298630164
673145963
558037108
521709692
635807301
304729938
259712034
858770932
952529120
626539319
322384301
848259581
848490138
221331317
882264216
472084816
135675632
623306625
741058951
882776270
424916443
149162712
196035697
335501693
500475082
928089846
306151591
713647300
387705403
646206849
962381073
258698920
737189879
683180187
357857298
547514835
126022665
698460430
650732922
467370428
164794885
526115466
857564011
327470153
799991527
242737022
136912960
245010089
180309410
254686847
221125776
723951567
411149905
428727542
971520601
685780553
942986484
292313785
935317004
699111114
633944437
283520518
596207934
765725001
844957636
283901883
246938302
225962200
461560377
609430080
573773935
411263348
877723656
794042497
901440249
827070788
712557598
732500954
766360692
533418771
407090773
753576781
750077018
512541065
831209395
462186477
413356762
712560273
939328533
793176860
453279393
588881924
283678162
576337160
176028881
396324302
579649104
839287901
389489601
952635175
188240545
353620707
447481076
100486446
272289521
542558312
901217689
111464750
779763144
365847916
954429824
766288538
371190104
369120646
360882874
175149804
409300375
716038817
722895460
103239490
430852275
335888292
288442057
231987792
566591149
456223508
484815815
526745922
534457011
778041080
187553225
759524829
694158891
706457405
158622668
342708753
439715899
693356086
668455779
367044558
741761615
218542081
424958202
646695371
559390431
287474236
747979214
667007513
521874822
216034794
466293746
612390344
325077419
414474957
627728686
779886904
223838082
205407601
462785653
915894901
312159960
301401157
304305256
623394227
208776723
811112883
749371151
752478305
788022651
699899411
716139979
424197454
247366025
944458702
209956283
764559622
556500745
209376592
411980108
898806151
815232472
456917580
636720898
791085312
471669174
948031127
637027466
936320865
679649951
939279142
306953850
784315219
843557525
333442723
245907312
363318916
757140548
163016105
801677886
458388590
793505196
287430467
704161097
478048996
952482822
120858735
847314164
171747065
896831385
570119981
514258303
817040307
773444126
643955583
439119422
576110552
399143231
790831596
577598951
646290131
848586976
170585277
432815936
739685492
435314933
507289194
333640659
704668813
617771265
342333969
342457196
668715500
968359041
633533979
168274910
280923326
737545967
148315157
377782603
540004875
649644186
559804467
940732888
792555323
804548206
243772371
743687807
800942284
986823166
948633701
952551150
877849634
359586780
494757364
774971327
615814355
909643507
788880733
717352077
799189142
449688734
571879680
187397320
746314493
326325077
418962232
836622603
587243299
695889889
701933957
608890839
652463544
750887175
990263745
181721107
418557144
339321641
266985612
318379732
536297111
602697443
693589764
233149766
702971432
233114106
707468094
715177676
222950549
843884861
818968482
379044400
757597257
363052023
274907450
726775990
133632786
196906999
793542095
164950178
279418960
786689722
346281206
838713026
472675514
923148372
556439301
917136916
916597134
719919611
179474177
369073573
216431460
798976203
491006680
894681535
236492720
604857520
889458562
137427280
169253089
735343196
355151866
582982370
320176725
687331305
944216052
197812432
841199377
458700466
494562919
372784558
897833971
195186447
572713699
923456867
903045264
376772750
478228612
898504425
485782190
839084295
268345646
206475275
809364458
259720371
890872355
388739674
632854391
460257158
154814709
183850340
122792637
415474899
183418842
862217721
771697474
633082916
650862105
222730245
786580523
224454176
101762439
752729074
859977978
747330941
254763555
313799570
838501053
868886061
711801700
540254909
789752102
745223802
977888479
730566208
221283361
912202650
353715666
270614420
494031219
589857033
160613694
103856340
117407383
767821184
720347443
543701289
909557114
691605217
454584977
802733112
601741149
939200786
146849468
332562320
808558149
372865830
550711651
902187995
649048901
140754707
241939922
900946760
401653391
686623015
710758647
625121611
259505914
741574778
647125885
235754829
766000769
711418864
220194461
394533337
535155200
989919864
279556600
303539084
943342673
520957543
662433450
426207885
421509473
210564329
834022883
130383163
557915747
487437926
971263014
869295859
936570104
782348303
780264739
760459946
199178990
148348247
364459047
590809378
557789941
617906145
900107126
860448609
941088829
176136164
204995267
511260015
468369306
911472583
134583132
325486857
791196635
683695366
909179660
458982371
572834426
319611676
899354347
635781927
621661050
935901326
157710455
253983144
499425426
855901527
711204332
310137812
277300588
584508200
921670593
916887548
629067085
435959877
112143131
411886490
169148413
571762399
254837511
432414725
251485447
544527500
840433999
945079322
735156731
528073248
150621745
678199817
752067369
468893586
595273532
336521711
859568343
391005951
646245245
806933181
403211147
919264965
542879120
931807139
404331695
745396102
356620616
709167789
701693688
504828448
324975960
275305246
932456327
805444474
708590528
658780989
578102569
101028466
735453412
413037065
387227916
769433210
481744795
389349220
952482589
368797503
616101661
538417694
129534026
533371065
154568894
709305896
904054697
924630151
327496390
318000743
471990474
334677360
542194638
918083252
956567154
988087720
508252054
446635075
490003880
840554112
556947559
136525882
114508859
373901887
629448479
474208350
113855526
734671596
718492688
634432669
597561662
210285923
315171868
660578720
704177489
555618444
412258631
270504835
985595378
401431426
836408635
465606679
394169929
943577291
286367361
417906650
595559866
728748250
330653525
748593857
540678966
179978182
650057820
400784428
630786201
176160921
240279671
585558961
644678029
406784570
111761765
522853776
435618624
807960676
709597011
362024096
107172510
689209401
945152772
245289101
237235138
195533557
291827455
722416938
781547114
822465197
857644603
464116353
926039726
199683716
890028523
172227050
385936805
441587349
424386398
814431652
381610022
615880067
501871142
454351471
978028340
530425712
695267368
617376924
693490331
326029622
457659452
532040734
951418961
374583818
955161893
697454602
540091190
306474877
446974868
104353472
616424001
259128569
644401263
316249939
818684537
614552999
547746385
567542077
300420407
284201966
971063154
671387743
845219590
856613670
171340980
793947661
904219023
153024364
254343510
541086102
992814438
694252850
518228225
523676011
863699145
179067403
189007536
767760041
522183472
508780557
828526069
736868115
764182388
218450533
814592771
118289936
952705768
405643970
556625999
782415133
234952864
912171539
640758389
559745438
565648769
496352513
304572272
822335152
318540400
615202615
831379689
177459191
410558942
115119859
660437796
375419128
586215338
330339640
548721076
402793811
