4876 8
57754629
81425267
51490811
43462532
84441752
87696038
94496188
18979399
76898210
56791198
78854752
80143841
69880211
99995304
59545009
73454158
14333072
41828782
69483279
28657524
57466085
33272364
62641122
70298648
85032576
61741065
48273510
60598335
22903215
79906972
94919635
59447160
51550221
41688676
10322370
23774576
46701519
97401760
83238498
13421924
38120173
62036695
54767491
87677796
12553705
28487044
65633862
97504466
83152404
37317845
21280254
39697894
84220022
86570594
88548791
47360464
74515360
78107577
32833746
77586284
91053016
78440300
26471174
51433994
12790578
16124596
76948660
46940473
32467550
31731068
47766533
94933194
24751284
16592919
35598584
64259234
23402737
69510221
68918849
95339125
98517413
83436218
51995089
50445005
14799850
61731841
18827359
94232592
20587987
89345815
24556041
65925826
92944902
91008290
77963415
65649878
45409644
69485389
88657720
17061772
24011721
58207513
12275831
21465259
82571720
20232716
83749415
14022903
57829912
54283865
34680923
13585401
44967920
78486101
11405064
22916581
33502597
50749258
90992261
43744456
36182150
17203160
54901201
68379397
39367623
28363851
54391631
41399177
91170161
65783171
53782225
92014573
67717866
69606422
92033002
29071985
22763744
67959155
95766156
40343076
65308922
69728406
28172291
32245924
25739435
74772221
76941227
29647072
98553789
49437965
58566262
31542678
86226535
18785068
94412894
86814248
87594019
54861244
69928640
69773116
43012390
33440795
64604985
60940331
47853966
90465177
32272532
21181303
62024952
53923301
70077060
14803573
86331117
80372433
75281725
57208336
87924297
89166525
38982583
65682739
88677557
63007200
43172868
65849641
46402205
54418146
20005233
12742809
61008702
74236880
55803114
78087441
60992140
34128958
69691332
34398163
94437437
77858706
82736726
55407867
99767524
66169914
15832507
45667508
28037529
19057258
78751470
41921246
21599860
59716489
29789030
90272947
16665564
70023340
71465164
99722153
22412787
64553365
28685567
89774668
75603528
52776036
21181394
35435236
42703122
46396966
22778737
85976353
49582680
20187474
98761441
62031037
90158822
45252803
86260054
45556947
67235202
70259743
28161979
34496111
97421687
45448836
78111435
94440993
23286003
74224645
26354884
82206558
71987172
74135244
98517624
58172331
55806956
20278106
54487125
67803482
96052324
81939027
60960189
77403383
66861809
92795308
61435587
53969702
90850393
84469759
84419011
59293663
48639372
43206120
16933022
68680933
79149420
86689160
77727748
46514906
61059408
21277491
80884775
34444905
43218892
37120844
15979727
37537267
36778063
25807447
74934062
77436364
28992121
50392240
62780544
58831785
97674087
96070792
13093619
25050495
30512537
42238514
48053917
54425971
41685872
49125350
50263455
97345782
64142336
17196523
31637720
10156986
37877398
38555888
98988437
61030216
65156566
68462423
82618877
39331896
68695128
85578634
40873885
48798566
10769687
11733762
95917327
69187402
61080025
28122666
39135660
86213553
12203500
94621303
78217583
93782516
93862860
25703644
73361348
36204677
35601322
80438208
82634776
86401267
52102069
10599078
24563590
17902042
52846191
66647939
82774222
88792916
34838057
48181944
60629247
57469413
26747412
38259025
43542129
65823558
73726629
31229049
35527247
18977389
63137668
11637733
31954814
23398984
83237005
96605008
80857905
99251385
13733855
75110229
52899536
19109918
76202587
35886057
93538217
60668394
14304758
62505433
98294992
35181846
77932796
64154416
11106566
93428964
96637792
86975249
70036596
94829335
26276202
78275471
45689687
56524580
25123426
60097452
16999087
65683747
45190285
75679810
52252754
55859502
74534936
40808830
79972746
73467037
55034067
44264165
44136349
92375605
71047964
54341319
32801294
58028572
51594414
31652903
51942511
85654012
27881934
89710405
39579113
79089225
84740681
30997253
50458854
11537310
34555006
55305334
74879234
52300108
93361829
36258893
19202154
90204822
10816723
60308666
32169106
48768798
32232192
85918172
12113171
47929046
12721233
57538131
17583153
40225308
84729411
58718400
89234401
17790487
71050801
30335722
92506350
91466831
60456072
38111406
63809789
26048956
33003044
43307366
27582192
23705491
64560771
90303953
80388328
62107270
66689662
60482395
96337421
57978685
23133625
85422190
83056143
54907068
43077479
31505517
35473260
88839342
79084865
59912197
27669367
47712547
76098130
11039028
74546891
24730331
91378942
79508857
31978295
58223483
20929530
18452987
71323923
91023195
47202072
13453891
79444223
71174378
61560150
70531975
54259170
48870206
94832176
71784746
85127053
90123249
30749702
48755917
84562938
62227517
41293334
40109486
43689662
84136690
90047354
29487723
24770172
50490878
83656297
54275734
26346661
16796447
11192992
51275522
32063525
43918354
27793878
72469633
98335003
65063943
91773287
96139509
44195076
55696558
69640689
74548455
62912138
28889148
60929217
87432179
68659645
12825639
85304176
54803098
37432433
36681985
30822969
71048816
23745342
74731353
20064062
78505950
25281393
19827129
31187491
44874573
85651065
24880473
12555636
56635337
70801421
99443925
72588019
58818095
69880829
59342701
59122227
14882918
60361711
72792795
42043358
99608024
92142414
62319641
47033375
50964948
78701992
38714076
80703993
80141041
61053996
32294512
75264031
52031921
42794020
48576932
30239528
78962724
17882927
65902810
81689231
94933015
39476643
54275307
18595410
50444588
53630514
88498827
73102421
18009721
63778539
36486993
18106312
84455246
69207939
69032098
63636492
45595970
54974430
59175691
51402482
73881076
57590694
20917840
20903592
55374179
41959837
35420186
94346518
93866760
88755178
35275371
96142414
28551023
28570779
51065247
71464585
37715778
37803218
95126754
84268682
95757882
68468090
35885541
17321557
15551739
43228939
90137139
63261927
99204049
78911723
69276248
26492381
84942422
19857887
80784037
85861487
97875339
78360611
82321797
27889746
66658957
92942129
72175550
54638691
48163433
29465332
37440172
56195682
86689179
36672264
89492013
73359707
39023292
11560664
91275357
42826119
56175293
42137991
37357421
24832707
65575864
50770280
77932216
63664704
61329403
76354659
71589209
29017487
50686420
35844810
89490626
49724889
13098054
84341905
64634812
49746744
42819721
95250439
47636514
52713783
89188968
46191245
81294438
74380294
39919245
95829751
96771257
36282589
54588356
33756961
50581812
54079874
28765723
11204686
90972376
98635817
48688003
39352943
66701442
32584759
48344665
82312699
27155419
27896608
28896875
15557730
27422334
79139157
23073729
41045030
76962051
84308847
20329131
27977199
87905259
24624325
74184755
32580499
69946934
91475655
83642841
33260202
57938287
54133673
16496491
93613874
58098789
20760408
72358685
74054046
36145165
75350810
66089984
15992647
15427114
99459009
73895571
43515069
29491341
36576537
45894630
12644792
75631467
24233738
67896350
85050154
55871974
19300384
11350976
46807671
20294150
18972022
59729660
86857148
41305955
61780061
10383996
91729187
92305619
39603499
45611758
13774255
65447198
87899669
14416622
87117159
48210896
54970091
34451926
99145328
78303287
32046743
80365019
89410664
23237776
35406164
39556127
45593440
57844279
68029088
92112818
77114121
26371941
29423378
22144345
61849431
81104060
20327117
78073986
89865921
46166836
68001453
12748180
95774074
32632880
63999067
58322905
93241397
79431686
58415434
78052156
49218672
16348050
25978619
18537221
14174250
25471511
84279128
45863335
78400735
83694945
79411928
59428454
64161993
27209359
32264370
13838458
71398804
63811890
43159205
82641671
48453243
64181728
66151578
19185535
93717720
79940714
18386016
42745458
12651959
70603514
74607098
32737303
29808057
34605846
47351714
96844961
87481721
71613498
25125284
79752521
96415296
90660749
48240714
73181908
84944906
54344021
49823651
15312840
89328469
72187175
68528492
43815355
72891364
35049201
21212226
57850958
78318108
24361288
77074244
19654808
95249081
43043732
59561841
77133030
88894527
78753697
93503822
53816865
72528281
70253789
40068987
56469669
93526498
64418853
94617077
73333856
42848238
91973180
72961912
72555859
92949662
94211127
24395814
93257462
57684964
34196805
11253210
89037937
34755512
48116755
62307565
64688219
76046334
52027343
34587654
84920102
73799054
18653196
16243204
88994309
44206096
39902896
56449881
89468602
15082861
42021199
39566350
77673871
30429344
73477761
20017135
33044126
99959870
46132638
71168440
34221380
53405507
45416817
94292952
83255884
64204563
94685666
84679680
50520194
29724516
49136822
94312989
60516988
61219528
28224722
15261912
10795720
62338819
80846583
62463353
65056597
46234683
73334857
64022435
14062034
75272490
89795599
47897885
95941117
48041064
94723108
14835014
91717360
14708322
61349010
51656749
40774249
54567714
54028150
98684282
34051113
21135275
51523870
54150841
45724629
67453793
59381849
57617242
51384972
38881390
11303406
94101381
29947792
51731504
93936024
46136209
13829028
39987904
41826374
99437974
30434912
48625096
62246713
30000170
94257784
63748102
34711627
15316441
58232644
31198157
62932150
70977532
50496856
16258390
80997675
64969209
67014310
42602582
94742827
47538276
66182784
38901421
30204524
55678279
47580765
20386348
28512441
51426328
33462989
97224856
12642289
59814032
35129346
10897349
46239524
19775709
89309313
30629347
32784048
79965380
32293789
65997434
99744390
51356492
14518752
15205914
89688328
10008961
78169801
73557762
38184050
15437827
17147402
80393393
70998869
43684884
24370827
21854677
66238806
92991598
62766771
47939409
34548809
41886171
20656651
96362372
75841737
22681499
43888158
19637468
61554766
48193361
60667346
21088749
62003414
99366078
83914945
73084250
87148066
30553903
72638137
21302890
51255261
29244566
34887717
35617623
67699665
88352585
26727245
45994221
56612685
18417802
16130101
16136905
38227557
56732600
13693449
53531031
39333533
90431483
41158556
13495130
62299615
71164662
57730523
59274138
49551245
80967599
53197192
33998801
52066231
52206821
95032633
25762038
25795555
11163982
98643910
75426465
60654797
28972283
23964012
53089909
98990539
49095777
44558233
35008478
95185852
88443814
87946756
35467437
48897494
30559232
28282291
94706130
91707414
22505847
46324042
79601821
96378746
40670372
69781611
93732958
29002721
79571651
28579460
96342252
27323952
79013634
43895235
94506189
46409982
51063613
47345532
31677673
76844536
55950911
10300605
23252527
97764283
64132358
67119448
63383324
37297602
91795390
77921148
78807519
16953496
44776147
17811122
94682791
17265608
58771300
11486480
25559307
52576957
90530508
20738406
58658241
38878692
30956142
75401488
77574812
73961789
34277675
90852572
84026133
69047595
34148067
62504731
19716223
46748674
62992418
33966567
50622435
99561538
99612835
32103650
24218692
65334723
31109349
70752931
99283536
98774753
48926208
80865403
36791010
42250781
95237151
77097252
50674729
58672602
12522911
60665773
27800279
98284288
78698287
81530841
15224805
94280772
54300207
86882531
66831392
26127264
16394024
14292809
72648764
64869155
34095158
94029960
35263287
87051380
32614930
46041098
83702724
68236221
12351087
91120515
67063106
75802131
15473936
77282141
30709079
46185468
80722927
57377630
47210757
83494501
90222162
51411645
67734376
28585647
71939458
95027229
84008391
60234814
31924404
74954062
52733610
78021840
92162529
30052688
68741468
56621114
87903416
93163469
30149318
48640847
44293221
83186275
38798632
99778717
24379599
46922622
64225438
17905778
80893179
71459571
46960670
14113340
66423498
52236889
42467077
66346696
56769657
95449812
12830453
73399380
32398319
88213385
20835562
24740571
33414981
77893833
33747042
24682105
97911698
50476493
12336831
94410829
79159145
68065038
96198690
85683133
71842708
31734519
26320758
85706764
51152857
88449424
76394406
61508972
30995364
76993604
46504579
63521754
74904461
17347797
97648469
40730446
43797411
97738550
96355497
52829049
43626388
74142395
81115908
85485076
81515997
60714689
53634373
57130553
75723898
85641497
45328985
61401546
64945905
68742787
91130912
67797469
52977698
42569932
65644243
31991883
47456085
42438834
91114256
32658277
18562534
94844481
80162324
69661396
68938970
65397189
30732897
58602579
84653161
10792415
39322635
12455739
63021724
51131846
56511665
17808935
50880833
50412738
75196617
40244241
72846649
68064815
77858304
50869173
86734680
33692149
88052260
27415122
79377724
56011469
90437744
98807267
54040797
26537425
67372323
71279349
68488840
81319672
22611458
68873101
99129418
70627949
79654298
85530387
73623172
36826834
17727639
34902565
54898399
35632820
38879772
19636348
35569200
78456113
90365022
93141907
88071697
81818342
15007287
19411853
80065083
14619691
24902882
74885965
56051464
41309801
81605177
14239719
37434195
66216273
67479022
18221349
18075425
20558530
97746996
82645823
53007493
25011077
12159905
45334252
55600590
85791371
25808175
54570778
48675050
93407041
54461955
96198439
47929745
22405269
48919219
51915879
31789538
11523319
11292449
27271628
99868317
62634097
69337750
69426732
62830464
55166239
69427469
28963947
78164447
67588972
85999632
82045242
69970786
67557592
78415469
58650866
74819878
94317584
37516384
44563304
60652910
39156787
92876770
20983065
49943172
60780120
70867032
79006451
79307120
91369347
24036445
41443423
46991066
94500200
40583582
29149763
50091686
21604552
49605624
86229887
94832007
46504231
91285177
68324236
53288484
28999111
37837463
57381441
56629862
14449507
57218743
82384737
38303181
30583152
93711514
18650639
18259732
21498802
40507381
55331487
50967490
30535011
54516688
87022717
83856257
57722348
70936167
44208773
98259367
60563093
95903136
23981373
50529164
38690396
41258241
81394064
47242389
94607519
59809916
77846074
60911099
95285074
19332018
94785408
86588930
13585054
44459424
27050516
87869394
21015155
35680118
88163400
52321240
78765939
98969110
96760542
19194670
88317774
57684659
28419439
52874874
44280189
82675637
12205535
36927247
91523744
61301004
18028483
32426971
15508434
14714620
46979599
85434428
56475712
64762801
56781784
97433907
36615101
23668804
19262173
40703172
36599480
57664302
79015775
21310147
85797271
30710409
94830756
90565448
86794662
63388978
28074925
37187392
37403895
81389322
71618785
56689052
12422852
40532832
57276613
37347233
54632704
61481729
86950367
43705875
28469257
10124341
82051963
74792780
66278292
91176164
26783183
59722618
28195390
59948418
37099608
95141424
16486941
64620961
14629010
75407997
83980763
97368328
35574659
47343804
86620592
46630306
48768965
50939264
41449057
34980829
83037458
71234955
46964505
62144938
44342817
18485525
59805951
21246807
63735379
54043642
14592081
30108141
26888842
85331875
93874670
18805219
49519457
51135712
57674624
54162887
72300541
48013194
65179836
59278795
17105216
17664587
42201839
72723958
95920324
60799045
28263236
32909733
25351615
77685060
58914865
55705052
37516148
24428494
71033990
71912830
92089712
54388270
63761407
39040135
25650722
74629800
44388645
73778077
59164993
15379370
80948751
65264325
90062475
96503842
89802252
14194663
11581940
19257929
91568829
66888943
42350635
46800450
60188751
81598560
10549165
47556431
86435311
26713868
87142830
69419021
38722119
83114061
30030569
89330949
67660129
74719277
30812123
42041819
29881831
90518093
46854404
65254113
45754021
26117527
87472737
38703118
81936019
20417578
49805718
44098849
87215763
17100235
83889127
59445163
53195055
78214134
38384710
94426910
99223929
47520656
87322905
29808936
43007221
44523824
44645337
78800595
83189927
28768491
20520637
95088661
24705453
21861810
31625928
65935034
12986095
15704942
34752209
60849895
90356325
11340868
64724108
93444537
29289667
74673615
43825209
53527492
79977993
99811612
50326825
54495490
20920020
85164998
38856953
91514945
53311263
12444471
72810077
88672207
41265878
11325315
85333080
90648471
19247988
93366540
19263331
66543735
97733753
23879633
42499187
96919072
93392684
93605922
34397039
59388121
80848363
60372669
64339701
17753359
21053110
88100233
45946989
47503977
27246062
65053749
34319129
52951952
60462093
59097998
53701511
44665494
30879491
49552676
28592534
64932147
58959339
72013422
49484673
66395131
20133030
35075073
95381876
80675034
77189069
60723277
46517136
29326472
21815942
53337337
37600639
98319158
20129166
64724156
21545934
81120297
97169276
84488161
70134659
69752734
44319780
74016234
24250807
25077708
73714425
76912742
39611400
54178522
27138678
51557294
84165268
35877154
83892646
40228082
75423831
30840403
34341884
71668405
48273012
54957665
17327016
91402803
76818522
75553170
40797179
47726787
67820952
56272586
49775261
35797118
24194948
44946351
25651482
39122209
98753791
62789622
47529926
86298739
25367030
38057907
93056230
45641462
58648291
84990658
62006017
98877578
95734877
20403471
78236307
41617711
53941762
41598006
86133266
25598667
11955161
76538008
37797322
27367213
89641398
61156784
53994212
44820450
74762599
37028725
37834468
44881463
11585870
43687955
75964488
22417556
80696401
51890626
78356783
45305671
97450187
61714901
88431584
95261910
96225948
33760343
35120689
43855826
67529707
85354410
77277545
44002513
96004545
66776800
74953207
77779650
34831708
97342931
55617005
64487495
89112533
36717509
86559841
83625468
98795096
97222630
74523556
53916355
13370221
28050379
40506729
10713594
59701223
78299871
47148456
72430192
81813786
31714416
70007056
66445008
18766151
32594734
93066857
51929081
66497396
83513243
68815418
44871470
93947460
74049229
22168878
11300583
41346577
92267303
43393964
24334654
79532808
83525145
62530133
88384035
40861204
75237812
15285880
28066872
56606326
61268516
49830369
15764927
70793538
77289888
43320789
51932983
94313254
17761113
47247935
52125910
58144734
78852593
96588536
76292100
53361469
93885815
71166541
77093902
72098337
80020160
19527415
53394456
16884593
77757659
42064478
97307721
29497925
33531962
56938031
60745879
80658575
39168302
53997766
41065181
65879711
73992871
10259687
36238168
72451905
43099187
87021269
99536005
82394030
52971637
24996174
23492545
78615719
87188284
94117022
10522090
18783201
64420660
85061600
74081183
25141977
72947655
15608536
36470749
45442744
76535252
98715796
90426953
17118187
42261395
82163311
82108630
70000886
71904645
38431007
49361836
43345121
13656455
55481242
20469596
20213366
58446386
50097790
41010602
21244562
33357464
80871623
42574979
63546403
37988596
59095080
38516924
59697782
35976588
24972069
92014843
51395674
90781992
40453090
35570114
31831903
23882261
46398628
74322343
90770809
84760337
53874784
42611690
86157342
93740825
65624373
55981139
33634946
79486210
43917616
54684131
79132480
46565378
45110317
64937978
86394041
62694082
53155866
60530260
35848849
45399150
16555731
95664108
48501069
54342310
10289577
12896327
39514737
38339948
44484257
56012522
98283919
64925035
41301925
40531545
15688400
19901353
19671786
68441085
10481984
28458531
56332730
26679728
17340819
85330262
63160469
19520678
56479666
32416207
87003711
14829250
10320466
32014834
41728482
58037231
42004365
56409935
61854414
11856625
43550481
17682235
76663564
77155726
53130669
61594765
77392611
83411225
32868524
67244778
56529534
89781177
29557864
80009805
69386359
56873880
99047146
81379930
62731346
89749377
67358908
46409570
97349413
39198170
92050296
38375019
68373264
11945476
59641384
91392119
23511199
80274138
71430550
66885718
12949896
36630375
35013705
45906268
15980668
46363937
72427829
45560276
19556247
88603241
38035265
91978761
33860323
33275346
34203399
18322340
19741005
90092341
65773937
87842300
36063447
40226138
98892794
58494580
33713093
20014796
12302570
68531658
78464627
89359778
98017948
99103984
35461358
41985349
58034822
96563590
13175971
49555578
63789771
34754272
53432142
42666366
98303480
77408721
94177287
77614695
11084244
88059170
85272400
13243793
41579613
71029621
93958428
63445201
55882480
61567563
58947724
63252710
58783136
11066076
77779712
14844460
66928619
61631970
58451248
49146286
17343962
52505941
12007110
85517819
74553479
54968602
11529135
12819516
34997887
30532079
27183391
83798658
30387811
39071706
13219087
34766251
61118793
41686040
59869073
65463452
74800437
96661402
54151334
23560711
56025932
11527293
73737449
40199945
89181396
96797388
10707166
53383493
40511200
95089421
91013062
78718297
25425562
69418923
62749962
50993776
59137266
64985433
55802721
91521123
72436155
25026295
14170780
84899435
67597604
96769635
26409085
17677201
54289019
76210781
84238384
94291392
74008103
52309648
67002491
83279078
39695254
24543128
56997822
61896771
43153210
13204202
66360449
24497576
84374194
16987974
22555151
34343943
30353635
72172142
66251182
98116678
75222388
77995734
68366413
71113029
59966713
71247827
35670390
72323652
85716004
82401417
12177482
59637432
48866156
34933182
66347610
87129811
90593817
52490503
28659866
18129416
88927146
49366196
23511202
23034306
74754538
92207397
39072977
79751269
13416369
70062239
60577137
71638091
33569390
95451634
67643474
48522011
91833314
16919761
21988145
34689142
62742418
52176267
76431456
67568859
26666224
72792005
63946104
21700556
45792386
33272556
85812016
90834152
57786941
43888333
36083949
73690374
34446134
11296173
62777924
77474484
35176227
10319000
27094518
27805115
58011401
97293012
34252434
35971153
80783292
16566253
44779035
66519700
49627023
77767432
69359685
15302229
90335878
13454688
38030600
84613470
69208314
97335258
35211095
62186513
38656982
77457866
67759354
51176665
32237303
58150562
83660492
80056937
60639931
69994090
32483556
26740308
16967667
33091226
42705035
81099213
95459723
51676027
73712469
70230200
50214453
59196999
40390144
92338098
98377870
87554547
87335159
13457444
34446333
39990921
34491169
11574473
81039059
92235755
28485190
21607497
48195302
61378596
34099461
71337923
99553978
32378453
88622101
78648034
36833838
49602366
56927527
50481394
73630607
26968893
67688886
61905149
94276568
37858200
23857668
98428280
47503070
74693247
96469674
21284325
14445535
77403255
82968757
92825615
98081151
95879589
86823254
34245847
72200949
57167182
79169857
81503318
64140821
16484764
47161137
51477432
48681874
40832406
70444862
33642474
39049991
50983036
29335646
74818217
49035372
66455762
66871658
25858612
77671149
13080991
14556588
30870022
44568647
22191626
35117353
59341701
61347805
75995695
69833395
98309716
32929174
78095193
90516368
26939871
75340662
13635057
75010753
71172818
88503087
48020097
66120440
88903953
58157141
31971965
72212073
37757834
26841762
39910910
69848472
71461408
66671905
24770702
43290088
47663558
92197594
62796224
84165662
91905131
92678106
19265091
65497243
46538009
43046131
38703082
80608282
15717955
45972743
32326604
42672635
98600183
60361222
28120305
29677751
84870792
53172026
83346129
29630058
15938158
51570202
96502869
34049124
63266352
84849495
52785910
68921247
20218739
48172305
48124178
62432348
55368140
79266163
94881463
82969880
40354808
14692474
79975947
49691921
17770715
74914354
23931707
62059431
47111761
76119292
60174122
63356003
11211387
20091994
23528545
31006407
92202799
92808499
17560579
67908936
57505705
55688490
76201136
37559336
55705974
16215106
69911348
28727112
44637678
93815790
88997424
11782723
19645509
70983393
83105847
52310518
42881208
49521292
67181506
88323894
96871847
30611489
89828449
14132073
82532029
26933733
33264625
42125750
18365225
47266214
53535615
20872831
26173280
42027053
21963661
36541252
99266485
94367747
84519850
98019545
65894508
31500777
10366058
20471090
60592432
96875140
83407723
31558710
88277185
53142422
51989064
61522501
82859809
70997696
90103037
62669338
84968197
11919746
37537599
69686977
40291190
85922953
26168620
91273211
32653106
96817653
22172613
44275541
58909416
27470621
85449837
45321302
20164940
46777554
12524083
16809869
14159334
82849757
18812473
48272475
98495422
59618860
85109279
27357729
41960048
76717734
41544389
93378702
21103615
49582943
28946046
71301487
39777329
28141976
58735628
92861091
87913519
14104969
95552891
61977821
20028722
81349230
29926699
77175603
27066568
20696339
35037047
27930503
53903952
25471098
53798817
24083509
53785733
31946212
31004127
20159587
27474826
95023919
41961893
45550320
79307527
58643181
58912646
94774405
46349723
19671807
62748279
48542935
95946398
67066900
92861751
59647838
62084830
32603631
81124316
56341627
44204997
26451332
79006933
75411868
54123542
51413490
23267243
48964418
85383015
89165054
67075805
70945573
41228511
14903437
46331607
68285681
42005687
23538469
38030103
95690473
30766159
52152814
59789727
23331855
71119771
90005687
68369038
81061665
47052556
50245042
43742974
14045746
53030920
98866551
97892761
54620920
37464997
43275531
75427597
15650780
70136004
39870557
52082826
23788283
50001245
24799108
94192949
24886103
12976341
84927105
80643017
81637753
53370095
48468843
60316608
70783365
13489384
48304790
92634341
45090445
38165531
90402046
83512422
87520346
68513559
53129040
48985048
78381327
90921134
30439540
23306705
89748850
96621903
87358573
23220003
20499048
67704964
86301072
39374628
80047980
76995703
88658088
46955395
47854867
57231896
91216072
60178259
43079069
87490351
89807701
61795329
14018830
37162034
75983379
33018091
60573701
58093555
67674474
65069661
81702240
93621020
77137511
24212821
52192212
74149273
80326044
64197510
95921464
65517421
80791492
75916015
82615293
31163937
97702906
93372510
91178625
62634601
67031410
68699148
24214314
71763077
77664947
50894701
85634112
14051442
56535870
16794045
74223635
13324672
30793570
99270551
30238997
16309170
71644362
20935235
24459876
29080937
74494658
18321885
52077077
69845724
72998999
57415897
86774500
63993363
16311881
48799418
68334602
81904899
20521979
89469139
90431751
10062500
79503114
97402193
51053200
62038235
38201716
60759685
50076171
95608499
55509361
59948572
47282393
47038253
53943698
79974967
18478756
70869733
42117310
57251874
93030793
55450012
17773228
83305860
16272006
59304201
25341241
30500010
90759933
38078037
80410160
41083724
36933684
12290383
86130087
79023760
43056402
85586433
78765665
71527114
83946166
16931775
39190196
82366549
65895497
43762888
55265276
76158225
90371279
95982333
66786634
72296307
48937365
74679642
37615722
95291476
90807764
30383358
80141133
77602835
68768377
39605175
38008493
12881396
95147839
70340019
33173764
32364128
88610885
70037931
13479108
65192375
33047142
39086704
74618719
25446831
44526741
41524267
83557856
58870232
67550966
16498878
71361640
23983811
76751645
26097626
84701820
10215383
26766779
53313500
12139125
82155073
66583896
44827343
48732316
55945057
10824312
62797275
88493219
43474937
11242684
29738738
98682725
29338406
36344354
65529235
53312485
33584876
52152256
42707633
34443748
36982365
81952942
78792179
84996324
80470395
15438655
72084641
97380204
68021402
23071771
32576147
63574446
66780869
69956093
43052215
30259255
44208831
74972034
71558889
81777308
21509994
46918475
87884411
19319782
66182621
42316045
55003355
88813204
32055678
31859780
33108613
73242468
84067237
56025713
22984175
88929795
71693963
59107063
22288797
28200547
32500905
28907341
15890780
72633312
48958617
49825823
68696352
97864759
87151002
33556128
29233588
78332148
86565568
93335860
83765498
86432637
69563776
38366107
78680000
84251451
45035494
67613906
29989382
39151339
85568740
76210460
60362292
92846364
85089588
45128587
24354935
63300854
18129517
81290425
32306045
64470141
30368493
17316068
88566280
59568279
29928380
75351524
61979486
68805786
47243232
82913527
18131744
12013869
71990241
79326064
82580880
44558180
28727887
78270150
38632375
72875094
20918948
69547505
63153309
97460051
27093742
64015485
28545842
10818371
25880065
88609726
76249685
84728411
33185477
26333441
16333005
50516487
12890201
71297804
73620610
97445872
61201137
65343028
28398208
71541219
82896157
44010496
25006609
72149478
27232432
94907193
35186149
86490502
88643329
93051537
39798384
77910690
81875866
42830322
50200167
47501255
77331051
49383213
54530334
54057642
94777074
72277406
13007347
79714935
79498086
90419858
85820811
49377531
74329454
44640005
74367546
70082035
30224284
28873822
75086688
21289053
64454862
46183176
59582669
16788482
37322911
70869751
46221198
45381635
16513266
83412296
67485875
43186440
87875832
88971698
31310389
15199959
60528756
74592274
63484491
53830963
62241582
36678162
81832669
62697162
41998053
67205746
55494173
37664437
52525231
49555619
86346930
90133623
63874608
30692592
30764681
14645699
94427499
23560685
16203833
50255809
46634185
25746894
87544223
10693858
45320932
93535705
25184204
78526697
53439607
80741597
97275583
40673168
82945096
28535174
69966797
85639635
63816472
68814124
17348594
93915639
55189910
16376230
18455138
51667081
24294906
18169104
79984824
18771803
44036530
89620259
14761039
66455626
63899772
18124980
37146500
67030316
11631713
92619801
81993118
45936994
84038791
31371911
19820835
39643809
25638880
24843042
77641403
47826826
27148203
69705914
95949213
69869366
64420622
58729544
28839309
21756097
86119513
63400628
75707932
57720439
44695845
54429688
18414091
46742739
44946386
56837818
73205073
66235079
43871555
70233792
89556158
38198590
80392368
33236169
86898301
45969414
80350247
75839689
40301621
70715379
55334364
32969210
36641593
78025952
31629313
55098854
39514993
15392087
23148610
15254353
47760070
13741601
17945055
71371738
91835441
69738841
38258817
92903167
20986876
46438912
19057629
36756915
17096303
92643464
24733760
63335752
74865686
49276948
88887308
57343502
72259870
47578791
70180925
34418170
20165149
35578786
23560436
52516152
37808453
64878677
55243222
52036403
13912742
98435106
25444140
31500519
49192652
48907002
31638518
25054187
24161651
69089404
21065998
28904235
12141594
47334083
30136471
92924200
41180331
14007110
97995972
62953320
76292059
60561852
11358582
46811539
32192150
88352582
69347043
35377951
15139579
70577139
39362848
68903528
14647386
19746537
98036689
91862921
59387604
88593952
32884708
37397093
38583006
55937330
35999135
99060818
91927122
99291277
42053094
83413154
92048753
10977670
89440390
44858885
26190284
13154495
20435928
14943962
74583408
51077874
14645446
11997146
23813859
73494789
59358868
39554362
60972334
32766807
72739574
79253103
49435873
89551223
90770803
50983501
64686751
33587749
44634962
77615631
48882472
99177749
64516731
40359814
13486489
93371419
22435451
86487374
43999083
61356789
66735488
13781579
76447653
90650435
84117672
80817867
82830029
28307656
27574251
62492180
98914597
96803464
96057554
30166233
52103261
51505174
41578370
37423538
65458874
33105909
14291385
62768504
52356598
91524106
60641608
30300869
69123557
58495241
99643021
22555642
32812988
68412411
28864411
20088084
83584926
99467270
85879786
72804926
10305449
38024402
75066878
40829030
85506253
90066843
66062564
97129978
83134977
34757338
12855363
27312335
14371493
92399982
69974114
33835823
53807869
47688877
54553566
72298331
17624559
85362126
25274382
60875685
40562784
86523715
72261830
83656175
10392869
46761732
73648502
40691330
37966147
91282021
43475651
41169324
63574751
35922597
39008181
80174574
12323751
88026902
39773859
21551023
86919752
57147217
39391848
90980441
37915053
44561984
54778854
52825247
42054485
85739268
73384250
11607505
59064958
15389774
52684822
69117328
23841500
32278010
44601236
75491006
75468375
55365962
81444179
79139472
15761612
66175432
37601719
27011568
19292128
51763528
20071517
55739148
53629357
15878903
61781278
60635882
76725867
80436197
59643373
97820490
78817758
87464420
72525651
13593891
25395241
56326200
49793976
79095827
60521115
55297314
39261636
86244154
70267084
10964568
92359000
11271230
27396877
80045991
31397410
98115103
99603130
64320240
97022319
62434685
76250872
78481479
98373891
80180670
73518782
70892390
35213653
84261979
52628542
98506012
63519390
16508326
32539308
48041171
89592613
46579979
40091238
10607984
80743434
47410736
74926038
42378266
59876539
53355927
45410077
59117023
17120495
77164899
74406394
74337195
57109398
29076912
54566551
78960511
43734542
14434454
38056755
23413793
16643222
78041577
54804595
15069408
75566212
77341894
89139016
89684357
14090917
97650469
55383427
28773098
16339265
97581801
89210482
21762893
46393678
56429090
77724752
36569588
67894442
80129490
30531671
92976599
73139598
74500301
82783828
33885752
86522955
35702439
66850783
34211848
52059618
14120300
15026538
87768286
75743177
83937666
79406325
22544560
57297808
82760540
40796911
34373896
52741119
22628684
26931420
95685198
27981626
25901795
48514506
35649053
99647330
25777723
24987020
80623615
92578055
86225484
81771272
83753114
16257807
34861391
36904772
69377297
89690285
90373345
36645494
45809399
45114864
29476089
79862864
63570723
47692558
46811365
44344967
11451966
27106255
30771582
14831025
26303087
44096190
77699876
36256816
20072299
30738143
20199461
59490354
26372667
99929766
44678892
85025519
11048621
67853110
49561265
88443209
71559814
29303276
20782294
58333359
64364988
58955096
76387809
89331984
28853075
73062522
63046773
60447259
72202156
43605523
65623693
29126084
22737661
78332314
67150873
17851836
31644396
95559318
83272620
19542887
92908768
52006444
20065765
85910881
60836660
86484146
68035015
66239442
77132048
63461064
24475293
63915462
78612413
26935038
51434067
66916040
43933412
31700224
23435709
59083396
75387054
84813799
32714847
63737890
77214551
75717394
32093472
80926954
89844552
46917223
63076567
23328632
63027279
97943250
67130781
77390556
67829492
41945871
37716635
79671136
72134459
33959958
88466809
67826207
52011877
95202504
15028732
78223954
33811322
21613401
28502668
95862960
75800557
48080426
29949872
32068262
75459665
96123227
60860673
50244894
23964440
33181077
79601479
25520055
72793956
28852331
11148776
30771120
24441257
71995346
85106300
13414914
51689784
72558135
46904191
87135007
92892608
54631648
13171699
92963931
22129068
61234241
81068485
18457150
67364722
40458796
27056147
72581760
93926553
95786631
74143629
18299415
88004926
15147386
27742893
20086560
13983807
74535611
91745039
92892213
58044930
17273486
17489752
63227328
47581856
87771291
45121749
88125224
55836947
90517651
13723791
33772197
50169637
31658530
62390733
52112784
98643923
48291601
97337214
27616937
23326299
40436435
78922656
99130045
11466240
46353340
95898413
18963785
33997580
64036212
59743250
18335489
72288329
89084138
48902951
27914939
56256235
63598366
12020367
74118735
42880661
59200868
57767744
28137445
71526715
56033397
83337562
53114836
42962758
92736960
20965499
16971360
67171266
61409269
85821279
95381958
56339722
99599488
90658006
42717871
55097504
76489693
92246099
75446423
57035835
91556437
50355477
50135793
69379034
35831286
53850291
78532623
23740067
36170665
83061884
46411931
49884503
40586550
85657900
49931105
78261912
46360282
63089655
63612774
24362472
96719277
18038495
81881030
43867853
17719697
71729453
21398190
55113791
88258488
43453184
94764252
55674365
62844627
48886174
21247006
66491564
37254369
90008820
25888330
91255676
80790607
80170701
61815940
51639555
13374949
81236227
48791894
89122355
20163066
25687059
47968037
33278430
98579153
38886236
24942482
81121686
99009473
29213880
58662759
59139414
17491164
34320471
37701002
72858125
21245419
90664917
90207029
35118378
86724033
98798710
82211173
30101422
93472146
72108761
63077522
96198270
25360519
90738725
68415527
81633895
29097965
86221170
52300364
27703095
17823859
44883249
64151247
42774891
16838621
99307154
62208302
36140791
31291726
75785170
59898460
21733544
87888455
58149289
79977697
47837995
25877137
34338072
22728739
44168672
55164906
48903012
22351589
50370031
57403675
43613992
86088005
16299123
61646350
70941118
10523814
66987282
48137478
59099109
35839485
11807398
58112215
21400419
30736814
83549086
45121242
21166275
93502457
67523443
82689131
68910383
28175092
23058264
80344292
58137701
40650091
86608262
76517196
37253321
46489089
25810856
87197289
15795271
77885613
63162984
93722337
85100311
37619233
77369169
56999818
97724284
92614839
60397676
46113956
92115575
78003933
72723148
73747693
36366474
67586327
28786475
29394898
20169398
73288069
43233949
38711126
49994127
90301400
78953663
36672100
85664118
97665736
41184925
87847655
38844022
29665676
79093642
28699150
34073920
23650470
47041514
25573109
28409226
80172779
22734706
86119702
63739913
68009472
27386715
82395835
23998291
69955960
75191293
37311727
56033937
24612243
65042064
89354274
15243733
91141086
12915816
54199228
23868540
85376034
95223160
33570090
12094277
97261991
15433378
93219873
31627230
40111350
44768393
31934455
58876866
43379998
34549552
95850144
13379010
37207855
85569453
91994285
43409563
81342065
92448737
88287297
66352231
86320735
35971501
14257099
44737301
94772242
75884079
76663026
22302136
73632260
47450084
42867213
56362108
10728831
74120046
68983965
36431416
97333090
43584219
67613324
81361420
95742663
41012599
61900749
76824976
95635310
60342318
74825465
18463900
12633498
14345399
56733697
34607697
45571040
59463967
83433702
56672693
38171217
58261490
70589718
63075347
11885294
18472521
47494593
38354544
65747544
35928222
47461208
11818297
11891147
91126001
26166032
81201435
31717890
40028765
36288285
66637294
93581603
90341745
65989745
78807635
44011880
18713838
25197776
29713352
36801176
87047644
79545137
35516887
85671411
33703176
77784227
71344127
44501478
46914997
79637911
22992404
41864176
22930839
67466254
69244595
52368857
94027791
13074101
25488471
35576840
52476620
78703170
15397642
14317296
35954862
76458521
75243215
88105044
78772494
60241180
83456038
41667292
42577919
30337981
25171634
85505990
83289650
55681298
74104384
48677533
21611851
91140346
74793272
36525798
52230012
18390613
75108694
44091194
24044734
36187353
17424478
30901489
72312962
79506085
21889633
74141631
61265254
88697061
26609570
99959352
46932468
99542178
65779701
58931698
11190449
80665538
85093408
53244692
59310827
97922048
83710422
14174327
10669792
37318603
98468528
80679607
71575886
82366735
75892937
53887063
54264109
16563992
83156389
78322596
89046695
45558194
16379158
93879445
96007578
42547076
91676367
89035953
98607570
74017826
27777615
42434098
57066601
94527769
91465304
59395979
93559255
20367766
80611818
62873238
42003651
57339670
54726262
70286952
79573632
37975432
15160369
68984126
29451832
62482807
75746352
62753785
78297444
53120085
44096846
62245081
70848798
20969707
68401378
81129985
25484066
14925342
18312616
93320546
46455858
35613816
63853044
30458545
35332731
82357965
22878981
10713043
32826074
66836732
42943219
13797988
46226807
85912036
40936453
23198714
43497993
52707250
86436163
40103142
30859651
30886038
59828771
31227512
30654289
63849944
96968156
49694659
24535992
44688729
72778914
78092535
61588012
33170513
32623091
84874823
44049331
58160067
18124202
30494520
36452223
38534374
59771497
15133199
91086399
78171282
53346065
49794341
94068354
87927343
48701021
74785330
94403705
99426767
70575029
10658088
27955030
49341154
67899927
25203496
47307128
58051031
88728552
93949175
17041451
11535512
75921855
17598762
23214693
23542943
11714281
56633778
74495302
59147281
20958958
65901098
15465477
41885574
85082599
63200643
49948866
10634991
88007595
55947243
23387904
36400395
49452162
55666051
37201254
57067565
14708178
17871900
18910548
59601569
29632076
22336697
48559837
63722972
86828253
83617356
52464939
93025304
80277978
29881037
34966875
36093120
80008065
33048674
18030884
93910650
55102275
43255286
50929189
15493082
70556268
48329331
10055990
16580080
23273234
34120607
98780193
64194529
40046656
44048320
20625459
49186663
61500340
35761472
91236478
67399530
54769995
29940158
47708425
56052207
40483468
44282086
14871801
32510557
12915692
62362705
49967325
50195041
54347322
14242513
68254203
61450864
46048418
40564156
33425052
74756882
18016748
23416822
42881234
39657114
61187777
67184512
44484344
57234215
51232765
53627079
94247424
59438635
23673090
96880534
63687986
48566075
43819259
94430171
13812702
45677964
16987857
54583357
68644873
75282480
74271064
66852944
68776503
88423675
61114133
34531073
80233091
23450432
47155785
19698877
42163056
96754535
74176021
43865579
19453618
85421815
76449181
67824527
51690175
62727731
74535678
19664981
93877278
85798360
18828113
70132086
81718778
44030766
28205431
63291752
49928061
61204873
45445955
58847020
18872936
58487893
42875462
63172021
30504043
84656909
89432460
10869388
76985836
87474097
18277358
73520551
35497784
83837095
44203044
87527794
34712375
26757837
65862233
81575742
57925750
97951102
30630022
94216971
11911871
17975207
92567544
67992686
31047653
40518214
87139451
26072532
40668111
19990010
90778314
54443088
73114985
47235048
80386206
17991761
85170370
95952857
29556797
28303637
18520466
18116968
32558265
68660092
44492422
26789293
41669897
23910164
53657939
79419378
95523793
50130184
90006515
65792667
33884909
59245519
52153744
86084449
13608773
40504531
36456959
57151179
49124428
82611384
93194268
73051913
75357901
80250555
46192114
65927025
19651189
36144203
59610158
71588350
60127288
33336505
13084766
46005448
56938111
36663791
45866495
85289877
79445026
91884856
70770880
80472880
35020863
36226606
92589937
85092314
97101749
17701146
14584437
86532850
24072922
33541964
66514698
95879240
21406670
26901834
40012266
95904501
61577624
42371788
38192750
83827395
76296802
30752929
11110291
66269222
38389681
67702374
45179669
21825623
52102145
95911148
94757700
87189429
48930243
23521557
52333910
52953495
80022721
27214553
13030845
76786866
74558020
50202001
91182243
87958224
51543298
37928765
59838248
28348896
80308817
36610229
95682777
15930142
67957058
37482854
65783041
41636434
83082585
15956082
59200882
29498655
95833074
11019130
14768671
11197133
89442336
75576784
30890057
24665015
45401735
29932888
54353928
54079296
22423390
72319143
28723652
47694563
69825019
51088415
85582724
10145280
67165757
30432048
91933990
59630170
62333738
83276214
33664583
71081919
46795993
21079317
77140464
50163549
39593198
11001756
62748626
27508916
15296096
92686568
85983720
51642398
20666601
14135719
53099935
56588042
79908996
22822377
97094719
32291270
25250365
23441279
62549321
78662316
26564114
38287231
14074637
47934708
90122045
27164612
88043357
62081966
49478616
54929544
91428625
12398003
22981049
21697867
28081747
59956007
23360059
62932670
43647772
29915731
64084180
19180307
67036994
71399936
64919806
28427736
49126621
22935627
32023650
30227169
37215203
89810414
50419279
49596373
45534226
54881954
69674565
65545597
58083755
49292119
28285658
98448072
49636330
91634939
10344623
90561768
95768656
89480028
31906048
48991912
13501284
93843618
24178708
38899382
85706785
12946521
47890499
73031267
31807376
30601393
81220903
70298741
48468774
10932019
51073878
93714868
75611749
16836668
71428358
60480192
72113635
22485671
97237963
49703449
45716377
84819878
76299088
54719774
22650201
29974460
32075236
92735270
76840757
96326556
49438985
65391511
24381778
28661220
20991574
51714020
90286514
25359672
62105646
77076718
57151919
37990962
68876849
22899102
59960653
11775641
47105562
72913792
55449425
77868000
38975134
53746462
68260464
97015886
84064615
71173592
15619179
80506794
45151292
75376179
26002504
82104931
27267047
15033498
66102925
47083498
98249444
62367674
89724205
80024934
87491627
26472525
74140240
76611717
54813266
30184439
57635018
46790046
81105336
72174002
73587992
43109991
85547448
81871782
46651861
69360635
42383522
24761679
95311844
83878230
63321744
14519113
48242958
32856074
92112570
64134548
70946340
37894704
49992956
72284363
79286471
65763623
36665919
95873628
90400691
20378412
53383673
71287559
84883249
30773044
86172224
65528711
73031724
50500355
72927062
47849210
41230324
85348286
81486925
41640167
54258791
70849487
17094801
98762787
64923325
38928702
10004213
76942707
53492386
68980615
85448272
63632453
59663141
82203931
17656327
32307822
93066702
10513323
25505793
21052120
43595900
11096470
39599806
90087909
43212341
19375374
65077926
16071046
76885742
88139290
11178323
59445612
41123215
99251313
87507809
54734017
56518768
40860874
62493647
83083728
76600204
11870529
89179192
95291872
66896807
31610478
68371573
31037799
72796460
46918444
96791609
35198868
26795992
21390690
81228697
37466846
25141195
47708030
82847082
17945818
40423163
78689191
68766757
48140388
25236799
