10000 3
421
261
827
325
281
345
645
604
262
639
873
747
432
233
341
528
906
889
159
663
769
628
472
407
782
207
806
627
436
237
729
679
858
141
596
202
823
809
835
312
486
679
824
994
248
378
662
526
853
765
219
214
103
667
506
892
468
425
389
101
753
781
647
534
974
653
749
192
584
380
425
546
497
855
767
467
563
388
865
470
693
633
144
384
161
906
150
129
623
866
123
553
430
407
318
276
317
889
399
618
401
467
212
995
171
879
168
216
625
676
452
696
817
307
195
828
471
924
291
332
508
683
318
403
233
992
436
568
756
724
725
259
283
635
212
362
821
261
714
352
868
997
526
914
423
881
690
516
101
181
448
762
384
184
459
776
693
576
448
606
290
263
177
720
971
232
387
586
254
790
508
185
126
471
402
326
167
759
581
659
101
435
437
293
272
678
868
217
403
547
663
428
911
584
149
416
646
695
597
825
672
759
564
901
752
299
171
464
912
660
571
968
507
270
244
146
600
249
909
494
303
308
271
564
826
433
286
973
991
440
995
864
276
220
926
604
270
581
859
423
418
297
710
459
826
553
466
993
110
903
672
372
584
469
153
516
717
180
710
215
493
114
385
361
866
729
289
941
195
767
414
472
993
462
959
512
725
537
930
106
354
301
137
353
484
713
640
948
275
843
460
901
807
713
735
795
296
193
389
940
611
138
950
413
929
983
692
356
349
505
793
446
182
875
954
218
602
857
483
436
426
386
493
935
397
337
131
136
825
128
223
617
371
307
695
568
294
833
774
156
644
842
718
398
497
633
971
738
537
899
299
921
736
656
283
195
158
801
689
660
283
499
527
376
918
599
239
221
342
257
166
382
820
135
749
105
679
950
243
139
337
731
924
377
132
105
842
257
574
712
580
971
142
379
291
531
710
598
945
429
483
864
570
674
770
213
438
792
130
824
629
718
753
274
554
144
198
856
900
363
570
992
738
857
639
124
468
228
483
367
576
889
580
229
478
240
348
502
370
566
307
337
659
475
472
195
251
687
183
979
495
481
108
755
639
904
351
203
281
310
180
485
342
868
991
812
463
341
474
164
234
565
627
400
559
738
271
949
195
617
398
295
324
212
733
181
521
148
966
244
359
411
532
720
844
572
110
553
781
979
354
596
246
897
622
556
112
302
512
726
832
604
698
388
370
720
545
633
831
456
644
641
829
314
937
930
368
283
915
263
191
430
816
790
979
648
593
185
616
320
671
586
276
879
137
191
234
910
687
919
526
822
446
328
774
475
559
256
191
990
913
721
803
399
400
133
868
819
492
979
211
879
672
789
189
780
461
391
336
886
346
814
755
381
940
694
735
587
739
307
645
178
275
362
889
398
100
655
247
826
604
498
361
747
689
511
229
456
102
770
599
622
217
958
240
411
631
579
875
767
817
233
406
281
802
658
608
182
487
849
335
653
385
786
664
831
431
116
124
423
880
268
895
302
742
380
941
269
307
473
318
912
865
876
592
414
747
317
272
328
682
328
265
682
228
562
866
969
590
477
486
807
531
300
144
968
344
267
962
759
387
241
744
273
736
791
114
984
707
242
668
871
748
441
849
604
669
370
176
595
582
725
489
715
115
462
765
587
220
180
189
897
393
711
140
109
836
126
345
711
267
432
138
593
858
523
278
835
832
431
762
557
163
979
120
938
953
151
420
194
807
726
989
737
700
711
597
760
551
698
851
349
305
580
363
303
948
793
895
249
624
133
199
354
837
177
188
485
560
886
381
196
159
297
645
804
262
808
660
602
863
296
312
844
271
167
616
382
114
440
165
580
686
432
502
326
825
365
763
201
163
269
157
866
565
735
695
219
247
122
108
774
643
556
819
532
116
754
775
514
892
390
144
638
257
152
925
279
764
343
360
304
816
369
425
561
429
837
332
675
908
178
163
963
961
696
631
207
972
957
230
557
612
204
251
925
529
539
471
510
937
477
613
816
159
244
626
629
639
280
821
617
457
853
193
348
735
269
318
904
324
917
166
157
426
596
383
323
506
808
731
641
593
185
122
658
247
507
692
739
477
209
720
504
649
919
787
548
475
964
794
695
101
597
308
891
546
795
694
101
486
606
385
295
855
342
579
335
187
547
260
467
864
943
285
584
331
124
655
423
456
827
127
778
136
961
819
563
737
237
923
467
103
245
345
290
204
352
809
351
862
787
162
588
458
904
642
778
588
198
240
954
706
998
595
936
925
150
321
562
137
428
993
721
757
298
341
859
530
846
683
354
159
175
364
180
871
465
290
590
702
900
648
102
936
229
177
854
631
856
421
226
644
297
496
692
418
669
583
313
852
810
744
145
273
609
521
118
386
576
402
328
177
756
875
953
127
438
694
753
967
963
697
495
237
554
239
550
856
663
776
101
965
653
473
129
757
849
469
418
109
905
254
364
269
386
305
524
300
280
687
695
178
939
788
441
156
301
603
149
306
296
919
722
569
309
629
650
119
768
462
394
265
325
635
305
387
763
903
505
711
917
978
645
869
586
619
547
368
633
921
757
404
279
943
226
204
668
939
556
310
729
486
332
819
372
387
354
989
960
702
432
856
442
894
530
808
961
208
136
637
614
569
815
604
264
302
637
739
260
761
415
679
417
308
379
255
480
245
698
611
213
188
751
469
946
796
284
399
877
460
436
163
267
639
845
689
534
837
372
794
433
371
769
463
617
220
694
787
629
318
684
856
170
178
539
541
635
185
397
359
515
857
489
605
984
298
371
136
140
315
374
435
488
661
117
258
755
820
380
426
918
200
304
330
590
677
841
579
702
320
627
664
821
550
547
637
712
899
606
946
571
892
311
998
139
342
415
658
865
275
606
859
185
252
800
779
978
598
813
353
104
572
261
784
874
264
456
653
524
972
828
601
440
341
844
817
894
872
724
158
470
652
992
321
709
583
742
365
505
385
115
813
652
796
263
912
681
830
363
903
398
877
161
510
801
854
101
224
660
984
931
211
205
588
872
159
962
138
137
289
361
275
672
702
835
915
509
530
893
913
198
604
287
449
695
948
445
876
195
107
658
685
914
132
394
943
190
200
154
551
381
688
488
463
363
215
551
246
603
659
279
849
192
925
836
449
791
850
941
232
485
831
893
957
260
854
393
287
725
391
400
641
418
520
256
628
448
139
286
113
153
350
479
790
290
942
674
424
143
132
673
369
133
377
448
345
850
834
553
147
659
318
995
642
702
713
593
854
313
330
514
339
899
827
162
465
749
379
698
437
116
947
744
396
901
389
262
229
617
789
854
306
682
939
307
736
954
743
470
758
221
927
985
214
830
178
207
688
231
210
992
403
957
848
876
200
554
825
717
521
196
581
199
425
988
728
532
957
644
308
195
477
267
750
345
778
649
209
768
647
261
335
977
155
796
742
867
727
569
598
281
221
901
923
832
523
178
382
158
339
902
253
794
971
554
214
825
397
805
158
324
190
298
383
477
369
328
728
552
259
924
391
424
734
720
752
160
691
396
292
793
342
539
656
352
846
356
678
632
727
262
910
707
574
147
576
760
186
969
818
360
112
979
806
321
217
527
736
467
247
638
639
732
473
962
527
580
869
409
904
382
545
565
981
145
848
910
168
730
723
395
438
731
712
870
156
165
200
868
338
861
129
454
457
132
223
269
292
223
978
974
948
927
133
254
384
769
964
748
233
408
836
257
371
779
727
959
846
494
696
670
581
835
301
772
231
726
725
863
667
386
479
447
440
493
165
885
152
232
711
300
548
713
753
727
963
420
837
167
471
446
699
796
114
540
739
565
878
315
154
281
449
309
698
192
402
615
782
519
365
470
513
979
910
501
794
224
642
602
400
873
298
400
705
332
998
896
793
523
921
502
353
337
584
101
802
760
434
288
862
122
791
369
377
849
896
150
503
143
350
426
639
349
287
232
467
910
281
662
891
527
723
693
862
834
286
375
862
134
683
149
357
132
283
646
763
313
963
561
928
325
201
773
460
418
630
118
969
729
730
509
914
624
123
268
817
850
298
303
327
606
927
972
735
350
720
398
366
796
293
204
772
298
436
341
258
697
940
156
671
188
620
872
792
437
765
821
651
613
314
324
718
463
690
159
207
253
687
970
736
718
931
418
962
836
908
567
198
336
459
459
413
535
317
393
165
321
982
257
771
280
553
886
606
510
873
554
865
458
361
870
176
195
390
629
979
158
913
634
417
365
206
642
934
734
396
423
256
524
665
932
802
965
141
528
158
407
691
279
201
667
576
509
171
391
935
229
765
326
269
830
130
301
755
455
412
825
154
986
356
489
420
926
902
240
139
595
329
904
762
885
526
123
603
578
626
826
321
708
688
181
677
508
637
329
823
928
327
242
144
143
862
438
212
160
706
776
900
398
264
763
165
861
394
776
317
464
273
142
184
162
121
151
125
140
531
475
920
819
884
651
620
440
302
911
322
576
377
404
255
883
399
653
270
275
266
432
433
875
882
612
426
286
905
831
630
790
184
625
866
356
827
759
122
915
974
896
214
529
425
963
187
202
571
629
439
841
663
821
321
581
487
843
641
727
949
278
693
766
502
168
338
894
429
362
381
645
476
237
637
778
267
711
972
427
133
951
617
726
661
776
254
366
645
118
117
373
208
447
431
533
356
540
783
410
860
813
766
971
846
795
852
319
871
503
778
330
281
160
768
182
942
840
834
419
188
149
532
501
119
384
647
731
379
285
236
168
917
833
202
930
471
461
757
602
853
495
747
814
339
487
817
416
739
278
104
619
656
261
471
177
863
475
105
751
768
342
800
856
426
201
753
569
532
752
488
649
885
368
840
864
953
986
857
589
471
481
171
674
552
661
838
249
569
783
818
763
703
291
581
713
240
600
120
341
402
304
913
417
200
187
322
493
957
942
823
923
710
856
811
904
778
178
952
454
578
476
722
769
385
478
866
627
371
490
284
287
638
890
512
827
438
641
375
278
477
652
375
432
608
287
956
219
627
252
231
691
602
655
852
492
523
246
485
650
437
234
354
172
876
299
995
256
219
359
936
539
816
201
401
290
858
126
887
742
259
710
685
770
945
407
658
432
734
311
996
187
613
524
970
607
949
563
997
418
922
311
566
459
853
337
321
836
118
234
279
738
707
418
406
872
880
269
130
701
935
185
839
584
571
528
704
785
536
685
856
956
251
234
319
181
748
196
760
480
908
579
721
931
692
964
290
885
220
403
415
415
127
773
763
425
167
827
183
369
237
447
156
831
479
539
203
520
196
440
931
784
287
225
570
394
225
759
184
722
652
794
596
260
717
582
972
900
471
925
159
668
783
161
793
780
174
732
716
288
639
792
315
402
272
456
749
568
530
587
366
185
695
286
114
180
851
741
633
685
714
202
572
404
874
936
268
981
415
457
383
459
868
564
343
880
481
439
592
914
635
608
252
438
584
218
804
574
177
723
508
574
616
451
700
219
376
832
420
772
190
596
772
436
456
544
569
100
396
393
564
535
753
937
616
998
279
276
190
518
871
488
660
517
110
188
772
766
445
709
598
578
199
227
209
477
394
881
789
413
494
752
273
716
887
600
967
600
663
180
561
627
542
541
123
648
193
152
830
310
693
593
916
588
907
835
634
304
567
752
540
910
590
573
691
852
284
439
751
709
942
863
638
510
732
257
935
220
955
704
366
302
959
215
717
891
828
436
975
519
383
593
407
747
945
665
458
166
907
425
292
451
702
756
650
706
952
642
677
756
743
323
259
570
303
683
567
404
406
574
882
489
817
629
772
427
860
278
257
700
546
469
607
383
978
296
723
815
144
389
870
376
620
182
978
602
754
950
383
413
200
698
857
423
884
335
535
587
962
703
856
290
536
720
578
662
656
954
844
363
424
979
358
380
282
514
393
757
318
722
243
474
403
855
709
917
312
501
554
286
710
882
299
374
700
820
236
983
116
924
915
181
261
688
709
303
458
885
690
901
831
457
974
994
422
731
288
356
390
644
316
491
392
267
324
572
533
709
334
982
812
401
954
813
298
673
473
473
626
750
785
245
537
433
625
287
272
855
972
774
467
731
846
954
932
267
280
968
501
600
657
946
956
616
727
441
522
977
919
838
215
207
121
708
262
559
279
815
596
226
568
995
275
828
972
870
288
610
559
289
293
636
729
672
178
445
648
426
408
115
678
190
458
770
558
317
699
395
494
629
352
255
404
409
308
587
241
623
792
376
375
583
708
520
581
868
725
155
285
880
949
620
595
310
599
162
979
728
740
277
133
924
779
654
233
510
539
890
934
906
603
988
471
494
634
773
761
721
144
956
483
633
902
590
191
227
248
552
390
401
108
156
556
571
584
537
112
887
813
175
594
299
187
117
882
970
611
871
874
497
126
271
475
303
847
883
788
810
297
113
630
535
554
527
160
588
129
289
670
370
903
759
362
561
299
171
118
135
866
275
617
250
686
746
288
825
475
256
297
650
142
645
422
618
812
487
798
616
180
377
817
136
355
451
606
853
679
322
531
648
283
263
548
251
252
688
366
516
907
131
951
894
864
347
835
741
143
722
285
578
424
928
107
694
870
112
713
453
442
566
567
668
621
165
209
622
567
357
356
866
847
770
844
329
467
772
718
515
104
572
230
451
305
979
356
208
266
611
575
558
586
435
702
312
847
286
751
169
988
686
878
787
484
567
381
277
120
280
712
378
589
286
860
455
221
562
830
604
620
404
403
232
476
274
207
853
177
509
953
743
826
137
524
723
241
121
330
290
104
932
651
811
142
832
413
586
775
167
736
462
375
695
532
648
754
637
798
779
655
827
827
138
986
296
844
554
131
487
462
434
625
695
786
785
306
992
319
967
512
845
276
848
940
533
223
598
409
866
838
509
234
862
270
854
990
254
613
853
924
250
215
100
102
638
267
471
259
737
668
296
422
899
988
916
469
400
809
215
831
224
109
269
508
787
305
528
990
959
123
460
510
565
617
945
425
180
477
837
857
693
729
621
677
749
526
443
994
897
543
389
930
370
627
878
941
232
892
749
481
250
789
527
532
494
945
745
247
563
920
197
985
176
814
265
628
249
183
152
188
770
162
143
875
388
996
636
123
484
300
554
794
738
600
659
818
294
958
432
648
577
326
546
669
148
177
100
183
687
625
287
240
305
110
650
260
467
896
403
659
732
345
725
765
745
162
157
703
968
567
337
929
955
589
691
693
154
318
957
697
569
759
149
219
686
487
937
240
643
325
558
982
994
942
462
587
149
646
741
505
196
556
851
528
503
131
904
907
504
522
233
796
872
413
733
394
979
507
651
135
951
719
116
789
502
892
163
690
753
700
889
240
660
208
857
260
648
798
709
919
683
318
200
439
766
852
446
389
138
589
819
457
146
540
713
978
661
232
644
940
380
443
632
176
460
644
766
583
803
745
402
724
680
346
788
504
543
899
644
693
427
463
165
211
279
499
470
485
885
101
164
225
274
658
130
264
766
719
637
123
498
632
591
934
823
757
288
535
546
968
986
673
436
769
318
436
976
849
410
127
979
512
195
947
419
995
272
212
935
132
485
217
288
259
727
340
708
747
572
601
251
112
616
486
950
695
985
869
818
135
639
529
410
206
267
815
877
944
338
988
724
646
449
179
191
455
211
602
855
682
442
817
788
609
895
754
757
507
802
613
942
356
667
995
116
260
527
377
128
255
373
135
405
954
724
612
290
690
495
844
284
526
839
366
180
686
729
748
748
821
347
973
748
595
718
692
271
748
579
789
617
552
600
611
974
684
483
105
600
962
831
536
199
838
878
290
995
542
239
744
208
964
413
306
565
927
108
534
430
240
976
143
863
279
429
804
600
959
992
109
448
228
997
919
704
496
788
179
427
909
803
695
915
829
952
229
699
366
906
869
348
668
465
346
439
981
324
430
208
435
642
165
270
219
472
679
906
149
294
985
608
125
677
670
623
983
612
520
255
752
846
203
889
764
172
147
551
458
998
745
320
299
138
944
441
393
708
691
496
529
258
911
891
813
298
268
692
795
673
864
650
335
629
587
659
571
509
675
579
806
495
942
247
913
967
298
241
989
661
775
198
935
507
631
182
154
906
985
708
615
990
488
508
140
978
890
271
450
515
178
403
140
522
328
533
598
637
447
132
481
741
935
429
382
618
905
470
283
955
125
368
264
775
998
195
539
596
826
296
768
776
625
169
181
195
204
412
294
591
811
693
528
717
616
216
371
852
496
398
709
675
583
895
620
221
359
848
385
669
158
199
554
140
998
343
255
138
845
477
538
808
221
116
297
300
397
810
693
495
728
558
203
862
842
185
549
686
443
549
968
264
874
452
530
273
505
602
476
297
500
842
879
609
241
689
334
844
299
344
169
342
121
149
433
220
814
649
909
398
502
240
982
544
745
668
293
339
526
490
643
670
839
767
728
624
326
525
776
910
313
644
593
394
261
313
454
186
310
120
810
658
994
919
435
508
189
500
570
505
768
694
516
378
942
584
760
476
843
648
570
715
857
194
314
579
829
483
351
748
552
643
294
972
398
228
575
610
586
482
625
516
943
534
628
983
390
818
259
802
379
411
541
363
558
216
731
445
210
964
321
288
779
120
487
708
745
104
977
980
607
621
319
705
714
573
396
247
204
908
984
994
933
786
911
886
423
574
319
670
458
156
280
625
187
169
821
901
552
562
347
886
301
278
478
185
596
123
291
737
937
290
415
370
587
975
582
847
786
451
976
441
241
118
835
209
700
540
431
918
641
703
498
575
571
939
834
389
427
551
382
844
641
898
184
500
383
413
902
609
642
971
750
195
390
983
167
149
386
662
488
907
313
761
487
692
976
661
868
978
606
748
102
730
636
760
446
794
633
548
967
842
851
851
635
125
530
451
798
352
572
233
809
130
388
549
700
829
570
690
794
365
912
673
749
864
376
445
363
712
214
691
701
510
144
167
904
195
440
768
395
786
108
203
379
893
299
966
654
823
812
693
983
414
671
605
481
485
696
489
572
498
960
620
730
244
139
966
909
286
533
734
297
621
696
940
397
346
989
226
583
238
259
401
484
570
958
994
713
123
317
523
226
709
195
792
668
454
685
508
334
810
431
521
930
442
882
264
181
356
630
981
732
171
698
950
176
808
378
512
683
739
278
761
832
851
629
210
784
133
194
434
323
221
139
242
697
215
157
716
100
321
941
602
968
492
202
119
409
675
843
448
916
393
994
384
566
914
422
813
627
224
877
191
945
931
559
598
808
223
588
916
593
187
217
781
533
118
236
818
874
779
849
357
107
496
586
516
986
247
694
700
886
269
476
110
692
215
368
210
934
592
805
241
353
215
282
427
258
441
239
800
341
509
364
759
717
859
514
675
578
474
117
532
477
597
289
161
524
944
679
619
230
349
563
690
461
366
866
159
785
802
604
362
834
620
234
919
404
693
728
532
940
304
411
440
793
363
828
561
541
870
930
704
724
862
311
478
989
632
585
544
768
766
903
182
511
836
602
402
571
967
510
953
848
250
903
763
176
529
765
425
230
973
438
138
477
772
580
268
826
509
773
352
990
951
602
454
363
156
480
343
631
812
565
800
149
869
554
476
157
550
166
617
711
829
120
759
537
175
978
916
600
284
521
845
855
979
802
717
228
202
830
748
521
285
568
748
436
616
400
474
709
758
645
280
267
707
536
882
426
342
802
375
914
446
795
324
255
850
837
951
982
202
110
871
726
835
533
608
536
210
874
635
306
583
247
672
465
774
247
946
436
859
646
253
489
612
836
497
515
419
810
514
554
691
763
158
254
367
886
356
982
680
551
146
884
995
364
842
601
598
665
439
456
812
671
808
796
587
367
913
832
164
971
807
796
234
242
352
156
895
550
897
162
832
721
377
323
556
911
187
265
266
818
474
303
546
196
373
190
973
305
166
847
765
931
952
922
617
471
518
179
305
421
225
262
840
467
145
716
274
190
970
864
659
741
805
772
807
882
635
647
373
994
531
672
430
901
741
301
933
186
515
965
663
643
409
720
158
955
449
566
876
282
240
401
169
642
217
590
564
331
400
977
359
966
264
352
844
671
543
260
978
728
692
509
548
601
437
698
143
118
808
581
385
549
806
270
565
200
606
775
400
629
310
280
533
914
930
754
611
128
515
298
419
946
821
971
681
839
471
725
476
153
917
733
115
177
335
248
232
205
206
437
625
751
336
523
581
765
282
996
771
461
480
747
732
401
103
421
315
756
206
562
881
855
121
935
407
945
120
704
853
936
495
433
509
294
342
790
152
264
514
584
291
963
239
227
894
182
434
887
691
513
585
681
910
961
227
935
492
367
683
683
900
881
784
490
808
993
358
276
390
211
407
700
283
355
265
623
380
953
706
731
203
882
257
631
954
453
694
299
719
322
104
237
159
265
821
541
547
963
553
415
804
656
698
523
860
908
126
704
210
964
489
960
264
546
283
503
489
473
616
695
950
227
149
972
927
381
117
268
204
209
129
831
679
131
458
340
898
882
725
284
744
329
140
865
861
673
862
620
241
146
698
729
498
338
600
404
428
868
406
171
633
515
977
249
458
123
236
549
590
254
784
770
422
514
526
817
723
156
328
424
298
740
279
553
634
447
707
917
803
962
655
879
958
949
654
431
915
300
132
264
144
342
507
162
457
919
848
526
198
514
878
132
755
561
646
357
253
984
137
445
264
449
676
501
699
564
229
948
788
295
514
863
845
653
958
798
106
922
228
571
772
953
239
435
236
597
277
496
684
293
657
639
440
499
998
550
361
336
780
781
641
264
599
579
504
294
452
388
844
789
191
281
691
464
755
246
723
273
700
949
417
747
621
530
303
413
297
780
451
986
747
164
910
640
403
679
112
509
476
466
821
506
959
264
133
850
480
473
839
120
121
450
206
149
107
763
606
705
282
859
501
196
816
941
341
744
202
286
101
467
814
646
998
149
661
718
852
572
593
440
986
430
735
916
736
932
366
254
563
962
791
788
979
890
738
842
582
206
556
712
860
977
779
990
478
312
143
299
427
948
916
484
431
509
596
788
241
437
474
167
784
370
598
821
911
869
548
955
380
530
331
534
613
115
793
786
464
500
194
188
474
849
537
133
953
491
983
975
331
207
292
701
519
193
766
602
510
827
714
651
401
616
753
963
958
554
267
481
477
468
797
695
830
427
389
935
783
491
260
904
344
802
291
292
453
677
949
494
872
206
311
567
918
881
785
963
976
974
290
445
994
496
841
989
237
112
846
560
552
986
466
718
724
272
775
291
127
311
415
176
779
742
282
640
869
885
890
299
189
197
108
662
162
588
923
474
310
859
628
862
121
988
657
589
533
232
334
540
402
797
966
812
298
933
416
530
437
593
652
646
124
329
579
584
471
926
655
688
602
101
208
143
458
680
417
656
544
909
899
822
950
812
340
391
466
615
775
229
912
962
498
703
724
872
624
741
394
541
546
869
967
336
507
191
271
942
274
657
469
760
457
518
405
507
128
398
629
139
910
982
432
101
841
982
191
491
649
869
606
504
276
355
587
459
951
789
416
711
781
949
250
912
474
857
602
427
993
809
961
183
453
960
902
843
955
563
348
752
157
359
193
452
733
139
321
653
122
863
314
423
586
650
984
867
327
755
788
135
259
289
987
482
410
538
223
206
625
553
129
884
360
422
302
706
694
600
793
765
620
435
582
170
544
198
117
689
507
780
662
148
159
521
336
948
582
290
930
253
136
217
689
420
722
717
537
224
527
669
430
748
951
650
354
449
457
790
246
208
516
712
178
596
288
189
599
765
704
859
628
864
818
104
236
485
313
608
836
735
337
893
794
323
389
848
783
133
328
562
433
478
114
958
833
622
979
736
193
309
465
157
320
421
161
233
624
147
516
338
619
938
446
170
155
988
374
508
870
998
346
959
762
263
858
675
423
121
731
801
157
941
551
200
614
100
864
521
409
154
501
304
368
677
931
992
201
882
810
501
250
118
686
906
387
243
521
238
217
684
651
202
593
861
737
392
907
798
575
477
980
310
915
407
351
100
816
164
276
899
837
301
637
787
920
878
389
331
501
238
487
184
230
531
769
356
422
238
445
398
321
940
953
995
773
301
884
690
735
398
664
472
819
402
285
493
855
454
783
619
835
273
505
269
273
187
299
778
853
900
980
258
229
255
237
161
392
480
593
196
219
598
372
487
529
851
827
831
842
760
247
405
720
353
547
403
241
303
318
849
238
256
504
875
717
175
813
295
694
531
447
266
651
782
925
329
974
233
592
576
957
228
852
797
791
335
135
994
658
311
483
188
972
388
671
664
316
664
310
968
576
190
367
917
285
309
809
814
164
616
925
308
960
958
626
413
669
948
367
206
533
766
132
278
690
329
368
720
525
782
552
664
134
850
634
425
501
902
107
475
936
679
906
275
261
138
838
797
781
642
913
598
372
738
561
360
610
639
742
784
160
945
899
726
789
230
213
520
385
932
357
464
542
354
131
316
722
493
605
899
163
144
225
282
949
576
507
526
969
836
865
802
860
479
973
961
698
680
242
321
314
131
775
904
384
372
504
844
829
743
971
426
752
181
863
962
369
293
430
149
363
129
979
591
543
384
619
892
536
318
572
293
326
397
279
649
706
811
401
146
278
933
224
350
489
982
809
490
926
435
940
387
503
335
866
332
795
546
736
250
794
504
530
934
648
995
200
134
617
160
374
192
348
261
227
412
767
594
944
575
334
672
605
804
607
412
662
205
957
645
343
299
658
318
591
131
202
749
537
602
490
132
631
611
359
749
362
966
450
982
654
353
845
259
181
757
366
217
744
322
638
814
460
949
727
116
505
390
565
952
418
908
848
446
971
359
633
919
537
628
254
119
567
205
509
705
598
776
832
670
996
470
392
165
217
437
146
920
609
641
398
425
236
797
316
594
753
389
782
268
665
508
247
812
294
970
681
615
751
896
818
772
235
741
281
328
595
240
343
270
407
228
679
102
498
350
583
712
849
509
935
239
374
159
541
567
345
424
275
671
802
793
687
672
615
241
802
462
202
530
227
189
886
116
227
395
788
795
683
594
423
973
446
190
599
833
226
514
112
419
309
276
134
819
793
467
603
685
373
304
711
912
352
921
271
348
579
962
389
505
180
203
830
458
505
679
245
960
170
913
901
342
118
590
677
512
533
797
197
162
167
682
821
771
736
780
186
751
962
123
445
883
866
608
386
217
499
866
530
547
104
816
845
218
147
872
654
302
904
315
348
237
537
735
674
267
155
448
405
941
116
100
901
401
906
762
531
826
164
288
208
953
819
927
886
870
835
277
897
506
448
135
959
837
268
450
156
283
291
769
257
811
837
667
862
293
684
306
535
497
353
563
780
136
481
230
572
237
389
211
371
799
586
964
785
172
118
203
936
431
568
194
499
721
966
284
984
255
363
783
382
929
299
507
626
965
909
795
969
119
245
814
815
261
364
339
225
369
244
726
374
668
138
576
681
159
379
970
395
434
146
128
588
303
327
489
180
113
510
510
255
640
331
316
817
676
339
441
704
676
546
831
529
477
470
547
571
659
588
819
168
530
213
413
552
966
295
995
236
761
799
677
130
611
973
794
599
976
123
253
664
875
410
371
174
866
719
594
373
380
619
561
296
677
548
521
325
462
146
397
180
772
319
566
170
793
232
189
263
276
931
498
283
947
433
684
937
724
895
979
921
536
760
481
474
267
292
322
431
636
212
715
997
300
530
784
893
488
872
699
563
964
267
979
917
216
992
183
942
583
985
684
739
117
872
534
965
894
516
683
234
847
970
394
919
521
391
968
392
891
471
266
187
927
901
536
468
630
146
952
573
512
315
706
773
716
488
912
668
368
856
650
440
387
551
909
319
632
323
142
782
783
625
226
540
124
410
963
757
670
476
296
615
296
752
620
490
695
452
360
132
133
894
289
673
952
510
348
702
683
280
817
691
766
805
951
744
113
195
389
781
980
104
692
455
541
531
561
790
917
264
655
704
160
680
489
481
853
198
369
207
357
906
725
459
937
853
160
759
837
947
359
320
603
996
581
313
950
692
951
183
856
631
281
981
543
552
646
808
267
692
281
368
665
854
334
574
580
336
346
502
290
166
781
171
361
828
446
130
548
986
659
681
239
958
613
608
251
201
870
380
322
720
894
866
643
644
198
299
488
647
825
839
259
115
302
228
305
989
788
291
124
998
563
295
264
660
960
669
617
943
872
128
714
469
614
165
233
491
253
844
378
767
374
615
688
676
498
254
514
751
379
427
943
370
518
779
183
469
895
927
997
635
609
738
407
235
141
186
684
470
598
939
359
170
403
407
587
545
165
450
855
106
712
586
778
180
133
545
890
522
756
625
313
943
264
307
875
765
897
179
406
766
415
191
617
737
542
847
660
751
940
463
911
125
403
323
773
852
592
264
817
912
182
667
569
142
374
196
900
306
282
219
879
912
117
580
784
589
693
647
947
908
815
586
763
307
131
273
109
462
728
996
178
563
942
362
497
534
756
758
297
109
380
522
709
871
948
952
911
913
124
304
715
162
706
792
781
717
544
302
189
143
360
156
266
393
722
181
703
257
468
329
290
921
637
118
871
345
484
808
344
923
190
159
191
262
949
436
445
639
719
137
431
758
662
887
672
159
742
998
635
342
925
259
628
413
140
902
819
293
483
235
538
656
360
944
544
914
993
799
364
206
115
165
443
787
797
505
562
271
459
130
298
459
227
377
724
619
713
118
750
130
434
761
527
122
378
663
487
632
757
134
313
629
163
740
415
209
358
730
775
821
899
716
512
900
571
273
559
795
845
927
274
942
234
505
535
716
100
851
610
405
589
596
781
257
101
857
825
351
435
729
767
530
416
962
515
322
480
985
199
590
180
596
771
226
286
389
737
296
158
910
611
641
894
847
670
375
878
435
893
831
238
738
259
454
970
618
294
544
326
822
998
159
516
331
931
511
948
857
358
227
102
773
513
862
329
960
254
674
189
313
611
700
968
301
519
189
538
924
301
791
699
967
880
496
284
363
122
605
774
410
971
224
406
709
523
905
206
266
256
857
380
446
798
640
982
539
764
493
112
760
620
770
566
511
578
332
342
196
103
328
725
471
271
256
100
757
368
504
407
329
403
454
802
911
224
767
216
886
876
756
478
792
332
302
749
556
117
648
382
595
205
695
100
528
779
241
210
740
525
422
992
864
994
697
606
954
751
341
439
833
343
690
954
737
700
806
639
776
535
612
613
986
794
670
227
396
638
587
808
690
354
438
973
787
872
670
998
956
548
964
214
501
508
954
397
365
691
421
204
388
176
178
319
575
243
572
656
307
194
933
672
446
541
159
231
603
884
685
928
181
363
113
181
823
986
412
912
551
171
279
920
483
375
872
616
517
165
861
812
515
245
519
412
245
659
929
875
576
546
430
400
668
585
594
797
156
153
653
390
260
944
277
174
145
672
794
851
560
534
467
609
759
237
779
452
533
881
730
367
934
418
730
496
363
707
945
650
114
705
944
814
254
720
359
471
512
550
820
241
346
752
637
476
556
451
882
371
743
120
606
107
857
837
437
855
524
432
435
731
871
526
938
903
810
877
353
568
977
713
239
736
715
173
332
306
907
164
131
989
205
584
796
198
645
946
524
300
699
942
473
303
267
531
524
314
403
906
766
223
641
624
409
573
575
636
259
796
455
198
477
500
226
569
602
593
193
727
305
367
717
859
960
462
495
300
129
108
717
422
699
325
770
689
253
202
847
133
502
894
436
372
235
750
622
362
104
768
412
613
605
271
409
552
895
251
563
305
478
603
108
503
993
565
795
934
203
867
679
185
513
164
911
828
176
696
698
766
187
190
301
401
997
267
276
760
760
494
168
568
476
953
583
419
546
566
350
534
498
795
561
643
150
430
681
115
661
716
531
587
612
385
604
836
493
685
449
852
869
826
696
684
550
987
441
289
508
215
764
508
431
129
538
353
709
348
213
449
924
256
663
617
329
572
164
909
296
100
231
934
611
114
537
879
629
189
284
460
742
505
144
831
680
554
336
324
272
335
174
384
860
422
393
523
269
589
245
960
582
458
828
643
376
512
784
599
170
595
674
210
302
445
900
679
286
689
598
373
713
581
348
889
269
403
603
344
477
195
190
671
678
907
957
731
702
422
230
603
277
470
828
408
245
364
894
404
576
817
548
282
129
400
228
419
712
167
931
325
249
266
423
631
348
629
821
206
331
628
678
285
515
770
591
422
839
855
691
441
683
163
817
613
336
221
891
800
478
811
274
354
562
209
825
181
155
310
580
702
628
601
332
310
836
168
140
678
240
153
413
440
358
380
277
120
971
493
307
493
720
590
121
178
172
123
144
967
123
638
655
384
870
486
571
487
367
342
862
512
660
807
843
878
528
921
192
976
279
927
838
258
316
122
300
435
147
875
963
780
350
330
854
537
446
646
625
216
112
488
451
864
956
317
867
730
229
832
719
791
247
902
959
836
457
185
965
326
525
520
482
421
482
928
882
957
727
693
134
483
410
840
825
735
411
265
463
586
825
371
386
800
537
313
729
515
230
650
495
408
496
265
380
696
212
576
204
181
708
332
646
165
836
363
452
557
630
919
604
294
784
406
721
246
130
370
179
424
874
262
613
621
201
459
114
594
855
279
608
472
463
980
189
662
978
458
850
917
431
259
394
661
415
415
850
621
970
948
495
486
307
366
232
855
648
112
657
146
700
116
197
190
641
768
711
733
358
722
143
797
469
295
786
859
990
298
342
400
199
568
565
464
156
286
807
879
279
701
550
513
137
699
521
810
807
645
886
131
884
343
678
608
131
980
813
788
895
722
596
724
520
424
765
839
205
225
559
765
741
867
587
415
688
907
513
538
124
721
454
128
914
715
649
730
334
651
285
552
790
462
752
605
252
691
876
741
646
664
740
439
908
930
281
667
322
195
125
183
179
772
955
557
765
486
274
158
727
741
414
823
783
267
149
415
631
537
856
771
482
315
321
722
525
161
507
656
732
527
778
907
869
851
386
982
373
254
502
593
138
995
379
120
839
937
120
187
690
264
234
119
894
715
538
379
636
772
335
933
823
723
241
412
662
101
443
481
553
341
414
324
414
347
899
812
342
760
343
359
135
452
574
534
879
191
561
881
301
748
512
826
652
174
396
168
314
968
415
501
339
839
167
557
613
233
619
235
877
310
225
635
525
224
409
581
568
828
550
431
630
159
859
124
748
932
885
326
957
611
134
865
605
378
237
629
465
853
699
698
770
990
204
390
959
247
350
518
522
243
849
491
713
854
714
148
920
856
680
341
693
943
634
119
259
460
479
128
708
503
770
373
426
578
622
772
402
206
213
170
339
967
500
451
726
441
460
136
331
949
131
599
971
732
407
725
739
355
762
887
758
719
243
825
238
322
280
654
681
398
754
257
231
679
290
178
576
527
587
842
150
395
892
893
341
689
898
995
753
115
348
810
955
102
771
127
393
889
559
827
880
593
346
516
532
134
351
662
884
601
867
789
248
472
781
448
767
686
978
879
207
572
237
386
197
279
524
236
837
651
334
554
149
704
588
481
179
173
120
616
428
600
806
780
571
239
463
550
552
410
465
319
748
622
534
893
913
473
718
765
591
659
229
531
560
278
529
973
522
843
157
515
420
559
845
647
170
782
379
479
191
362
403
108
378
183
743
460
726
602
215
336
550
849
177
285
654
953
341
795
990
698
858
289
268
958
674
928
789
816
671
964
297
946
728
592
895
846
632
738
695
841
232
591
167
848
335
226
754
636
962
905
514
199
398
366
785
729
188
599
688
727
570
235
835
428
337
908
525
953
279
428
932
773
159
403
788
475
586
791
817
305
221
597
990
580
157
784
889
615
784
100
142
730
130
406
292
753
613
946
284
823
987
340
163
831
326
870
508
750
440
757
679
935
456
420
143
271
965
751
752
735
998
847
318
143
496
255
863
148
152
311
517
755
732
499
262
721
142
991
670
302
234
640
498
184
275
618
680
919
636
530
400
835
189
853
242
389
805
735
542
484
355
233
648
880
728
682
547
305
272
454
116
836
487
198
719
356
969
241
236
249
431
505
935
495
441
963
187
558
691
837
373
233
691
882
981
116
100
480
726
886
746
987
402
679
761
994
692
194
653
683
212
430
431
508
394
962
990
300
240
408
296
350
152
604
409
684
413
270
392
626
132
934
569
910
583
418
921
499
260
753
830
880
642
907
307
528
468
982
321
510
995
982
678
624
830
512
677
620
351
384
588
635
763
771
646
970
986
693
463
131
115
783
577
982
867
146
162
800
988
347
990
550
482
400
436
852
599
421
995
926
140
462
756
170
710
628
320
170
756
396
166
493
610
448
553
976
178
877
107
927
166
961
667
360
313
171
548
439
170
623
169
746
558
423
508
510
468
530
860
940
602
517
703
257
790
327
124
456
435
393
899
530
206
707
478
830
688
610
228
854
108
920
162
531
813
294
117
554
963
856
178
968
438
515
802
778
975
361
388
201
927
791
248
660
421
622
313
204
935
268
685
958
693
725
535
705
690
806
730
968
940
242
680
246
882
612
525
488
962
262
956
943
579
753
261
724
266
431
455
909
846
883
492
247
414
202
472
324
827
701
309
376
515
184
894
887
513
326
176
572
697
520
724
484
290
163
510
162
170
710
439
982
339
781
429
713
686
282
878
202
712
797
162
401
802
184
835
606
728
672
416
529
711
355
374
467
923
824
519
512
851
812
451
515
641
841
499
630
278
512
212
232
727
921
341
899
296
274
476
592
644
237
931
886
585
496
126
596
252
952
210
183
203
625
753
367
518
676
710
634
776
247
706
820
352
878
923
670
557
668
900
239
221
137
421
655
695
994
648
847
715
214
795
953
328
787
623
689
788
757
867
593
545
878
856
168
119
364
544
688
144
961
972
596
115
781
178
155
508
503
101
650
619
326
478
338
565
861
176
506
341
230
964
714
855
734
890
706
103
564
961
998
196
901
708
360
553
314
260
922
690
630
422
277
901
176
874
942
409
909
425
204
470
622
832
755
783
688
745
585
265
192
460
507
708
427
397
520
169
511
458
594
653
452
307
389
950
145
258
708
437
539
406
707
862
723
937
564
950
172
732
289
102
540
235
414
387
458
319
799
266
412
923
334
775
130
452
252
141
975
165
148
388
442
308
301
590
725
694
558
240
336
183
195
927
985
268
635
502
579
884
930
739
116
844
943
574
408
168
255
919
766
129
490
276
523
746
304
671
516
943
669
270
129
789
791
348
526
731
258
251
722
832
945
660
712
552
804
198
636
338
251
706
894
715
296
249
158
266
197
828
609
928
562
961
546
694
103
653
428
494
422
515
659
743
983
754
822
731
982
115
727
424
916
710
366
442
960
921
750
213
504
941
488
195
694
713
635
600
375
519
923
624
741
316
103
790
406
329
821
611
293
680
127
765
578
694
977
125
709
830
818
771
434
366
175
140
270
746
223
568
107
401
891
277
187
820
679
787
522
761
403
358
918
931
890
428
873
928
610
123
746
713
845
261
772
693
147
409
645
671
980
195
231
658
770
252
226
947
683
961
845
420
140
597
929
208
507
683
995
653
726
518
741
520
636
713
313
866
680
327
523
621
762
456
494
328
678
393
997
391
716
895
567
105
209
325
984
554
683
530
633
270
826
537
611
663
859
786
700
667
439
441
173
855
755
987
502
173
954
392
148
368
756
681
793
604
510
288
109
497
694
877
939
734
527
431
130
354
874
650
798
420
865
891
411
913
610
184
520
270
459
650
103
695
502
750
334
615
469
996
132
707
756
319
479
202
587
328
123
955
976
293
826
501
355
776
233
395
904
137
102
424
237
978
329
672
272
448
255
636
162
461
897
582
633
143
820
960
879
265
250
319
219
657
188
464
620
762
699
616
904
375
481
344
739
603
527
437
562
715
662
375
703
711
328
462
335
597
840
532
104
585
931
115
365
607
816
179
877
948
651
398
384
153
427
638
889
186
765
426
279
232
116
530
169
581
140
131
943
704
422
942
100
809
139
935
136
482
190
429
939
560
268
537
598
764
797
790
508
866
955
905
159
749
425
194
291
910
633
979
217
345
919
420
403
840
379
703
795
679
487
583
837
580
211
382
732
288
963
538
675
175
506
162
153
899
253
986
196
106
263
412
755
971
551
644
418
203
418
300
293
283
356
365
609
308
449
432
628
570
854
425
656
663
941
833
422
935
640
367
311
242
563
430
511
714
306
536
398
498
722
262
613
193
590
515
373
604
829
240
687
997
278
230
417
498
800
158
170
981
540
379
394
681
365
967
622
902
144
802
434
109
398
453
528
771
125
303
545
407
284
472
683
866
318
290
286
132
356
789
230
509
385
951
989
258
571
913
673
531
821
626
345
139
704
304
531
899
690
358
633
112
579
410
715
174
129
307
326
458
796
504
476
634
390
248
507
773
390
812
859
924
885
571
156
805
429
880
771
502
839
282
229
707
742
635
374
780
178
903
867
103
916
493
905
434
139
134
911
391
564
859
482
379
953
484
260
130
933
214
338
798
887
220
704
750
484
593
799
728
262
179
133
473
261
844
398
753
102
356
145
465
561
487
811
819
441
136
847
452
291
457
540
685
799
217
201
154
962
782
138
480
212
417
476
721
238
783
984
768
909
589
220
423
165
507
928
219
506
845
405
157
473
557
266
404
477
509
895
394
721
235
495
732
776
308
161
675
483
779
346
482
896
190
878
773
418
527
850
554
593
101
477
137
591
515
406
983
181
308
996
462
379
916
220
188
372
181
828
323
603
248
596
883
384
681
521
737
615
696
260
730
378
462
457
734
853
264
804
728
421
227
293
649
205
898
434
604
562
837
969
523
794
872
567
510
349
652
600
551
706
488
788
773
406
526
141
271
483
932
962
533
297
329
424
198
228
388
809
832
520
382
457
894
923
857
204
561
848
390
375
789
326
771
966
525
586
557
456
640
317
506
529
161
980
293
340
456
375
809
378
190
816
819
966
103
425
781
747
362
103
289
879
252
878
350
874
145
508
263
212
916
443
822
241
343
151
849
720
924
183
752
417
854
252
423
366
649
311
307
625
663
636
251
385
579
766
291
218
506
672
232
585
959
751
107
325
383
312
148
668
176
446
839
183
594
663
612
910
230
200
670
143
146
940
583
270
486
584
875
158
503
350
838
359
563
833
418
112
318
299
172
884
412
390
589
760
158
331
391
899
118
208
413
498
233
976
355
828
282
172
878
176
800
679
230
854
733
574
987
710
273
454
201
712
363
674
300
281
952
361
804
812
216
704
961
332
923
987
356
122
785
716
403
240
650
259
286
824
375
886
356
425
591
117
804
778
853
661
353
820
476
721
648
899
565
765
887
167
989
494
984
234
112
240
369
528
433
897
592
504
833
639
619
120
241
932
716
435
775
451
592
952
622
935
567
266
639
516
267
993
112
180
750
207
510
818
629
243
913
906
668
348
981
518
812
307
280
872
582
530
306
497
612
478
246
442
532
461
126
812
867
592
535
707
400
144
342
731
131
368
242
641
539
980
226
205
527
887
829
240
941
638
897
922
963
120
531
903
160
227
825
359
550
170
635
268
297
723
223
849
200
645
624
835
982
714
763
693
675
317
511
616
692
472
947
294
456
335
364
949
963
624
507
455
700
191
595
197
943
251
410
596
463
660
897
909
998
929
192
808
139
883
809
545
197
936
132
375
729
245
329
318
795
610
154
636
752
977
580
431
718
160
939
396
496
813
311
431
818
606
830
978
760
108
829
345
407
512
525
787
683
406
219
864
422
461
802
570
858
271
583
326
723
696
244
319
123
754
459
917
313
407
871
102
924
778
513
843
855
957
378
768
374
784
318
309
698
422
430
261
389
208
633
114
299
392
241
596
927
704
435
208
954
116
837
741
243
123
657
785
352
319
264
428
350
300
781
629
387
429
618
946
266
741
979
423
467
346
583
165
134
266
103
741
504
732
522
172
705
781
604
718
203
443
274
859
351
939
924
731
599
679
278
245
983
557
390
233
993
240
920
969
636
613
516
419
715
958
516
800
487
251
844
821
440
640
166
591
369
670
279
355
314
287
524
855
976
946
927
382
881
870
921
761
556
950
747
274
802
537
986
479
237
340
798
584
890
170
502
913
525
749
717
792
720
204
294
685
623
366
876
554
558
656
940
637
106
835
144
697
137
410
464
405
786
613
281
550
780
174
955
757
883
255
402
409
912
885
110
618
957
957
150
518
757
828
623
177
971
370
918
813
655
546
617
976
917
205
616
713
488
358
711
721
727
941
971
582
238
563
364
776
908
660
710
335
178
835
711
415
923
245
564
631
571
131
430
244
764
958
138
608
506
268
919
667
522
630
482
467
284
539
175
683
844
338
591
715
415
308
894
753
509
787
314
572
775
463
265
943
543
463
588
244
783
554
738
629
369
305
981
893
271
478
746
388
529
648
593
363
121
664
380
713
752
430
191
640
660
895
286
103
377
390
809
545
150
146
610
289
953
600
800
309
391
227
654
502
148
991
807
392
230
911
622
978
489
417
411
435
696
100
532
527
644
882
833
310
702
376
890
623
442
245
508
834
250
153
614
168
287
450
265
334
225
934
186
249
490
894
949
390
725
985
659
507
899
586
575
276
374
