9998 4
7481
1203
4077
7237
1946
3746
8855
4364
3851
1656
1925
9067
8972
2771
4308
5405
9524
3401
6084
4486
5114
9568
6014
6139
9204
4748
4779
1474
1273
7858
6591
5140
5250
3578
6258
5217
7057
5887
6452
3288
1598
9086
1747
4077
6873
1425
7747
4853
8779
8899
9280
5946
7470
2929
7278
6313
4115
1612
6425
3325
5725
8929
3216
3177
2277
3223
2580
9000
7500
2593
2961
3791
8316
3686
4500
5879
5827
1318
4437
3672
4164
1938
2652
5088
4625
5447
8644
1669
2041
3836
3463
1788
5611
8896
6180
7027
2359
7704
1777
3992
5374
1557
2233
7915
4009
8332
9237
4902
1196
9904
5091
1689
7362
8980
6013
4295
6539
1511
3980
8736
6677
9761
8901
1268
5922
6945
5342
3261
4590
3665
6390
2391
9352
4550
1657
6936
8644
5315
5061
1861
9956
5962
1291
1085
9487
6470
2330
8495
7904
2113
8066
8942
9082
5865
9638
5929
1488
5832
6897
2211
1153
5958
3165
8607
9067
7340
6194
5614
4439
9836
4461
1793
2135
6420
9261
2842
7152
5666
1404
8239
3545
5330
2000
8938
2322
2232
6462
4383
7445
1174
9104
6199
8254
1464
1574
6262
3995
2765
1270
7195
1260
3211
2948
6422
7040
7064
4956
1564
6750
2054
4039
1140
8881
9771
3415
9770
4003
3058
3578
5183
4738
1809
4851
6740
8878
7116
4343
8523
1901
7973
3368
6205
6643
5489
9515
6531
5983
7193
2032
7000
9068
7508
3602
9239
6914
8259
6013
7379
9387
3102
4773
6598
2582
7526
8224
9584
3686
5418
6838
8860
8656
4038
7073
6591
4959
2537
4815
7169
5170
4595
5197
2834
2572
3086
4179
6610
2476
7654
6218
1187
4136
8020
6452
5996
6376
7659
5583
5006
1929
2829
9267
8113
7180
7853
4360
8592
2230
7325
1092
9403
6423
7673
8027
5991
7141
1156
5263
3300
4406
8337
6056
9735
7265
5106
3884
9797
7541
1057
5203
9591
2051
3831
2408
9444
6851
2378
4038
1431
3780
4564
7895
8954
1320
2334
7469
4714
9720
4307
3339
3591
9278
3789
5126
5368
4139
7822
8748
5426
3406
1756
9753
5144
1037
1640
1443
6334
5970
9121
3127
5906
6558
2853
8351
1272
3319
9345
3370
2768
8428
6623
4183
8851
3406
1459
7968
2692
5766
2716
7648
9178
7282
6295
2666
4528
7821
6758
8287
7778
9376
8718
7188
5367
3013
6514
7211
5045
3650
9237
7788
2589
3616
1820
8732
7052
6459
1501
4568
7980
8475
7256
1843
5302
8363
2871
6707
3178
8337
3093
7924
4135
6337
1561
2993
7525
4968
4130
2607
4895
2402
8426
7747
7676
9701
4626
1602
1391
6121
8059
1023
7766
5425
7192
2719
3521
5187
3018
8719
1322
5196
5479
1050
5576
7736
9388
9342
1050
9640
4797
7641
9484
7781
3126
6731
8704
3506
1890
8969
3917
2421
2144
6898
3281
3980
8983
5416
6893
2462
2177
7581
2527
7400
4903
6986
4431
2692
7493
8682
5965
1352
9851
5819
1087
4936
2054
1578
4314
2617
3408
4828
3826
7929
1684
5557
4108
6556
1365
4074
9384
7561
2197
3049
5742
3232
1281
9669
8610
2753
3014
6794
7389
9416
5819
6646
5701
3079
9969
7804
7343
7779
1208
4975
2374
5176
5463
6294
8151
5504
7901
9710
2693
3005
8331
2908
9097
4552
5545
9616
3950
2792
4003
1107
5610
1930
9810
9213
4537
2050
2584
5656
8214
6511
3259
5433
3647
6425
8889
3069
3154
2870
5551
9283
2177
1356
3010
2247
2621
7815
2616
4301
4943
7371
4812
1817
2961
5060
6413
3401
9293
2015
2000
6101
3491
1453
4105
1590
9325
5644
2760
8357
5753
3701
6344
8914
4637
5092
1323
9236
6946
6973
1034
7339
4495
5103
8858
8905
7050
8580
8024
7432
4300
7419
2824
7088
2081
2308
2715
2854
3313
1705
7299
6707
8795
5208
7518
3569
5502
1960
7618
1750
2521
7074
4895
1591
6100
3945
4642
7044
4007
3488
4574
8869
4765
8163
4168
2790
1525
6729
5868
7605
1769
5303
4574
6505
3550
5208
5746
4563
1369
2996
4397
3319
5176
5936
9913
8290
9697
2130
5444
5259
2544
8064
3240
3188
4310
9592
7063
4393
9898
3637
6556
5891
5857
8849
7133
4747
7985
9925
8060
4855
9910
5952
7993
1591
7828
7772
6082
9688
5870
9851
6362
6841
7708
8877
7573
2329
1634
5984
5426
2648
9767
3825
2968
3688
6083
4033
1978
3614
9319
2336
9200
7106
5453
2448
6195
9705
4245
3442
5803
4184
4709
7543
3650
6617
5497
5955
5076
9076
8375
8714
1810
8251
2546
5342
2817
8621
9074
9194
1810
2676
4287
2602
6345
8413
6761
8223
6252
9806
6617
9711
4459
9630
7126
8056
5569
8013
4968
2733
4596
2986
3085
4724
9826
3113
4129
7133
3702
3047
9283
6298
3849
5420
3623
3708
5874
9614
3737
3542
6014
5410
5343
8097
6728
4201
4262
7914
6014
7173
9441
5435
4540
1859
3481
8809
5142
5826
2704
1736
5207
8805
1029
8953
5294
5331
9691
7217
2445
7532
9892
3227
9603
3749
8094
5106
5714
5203
1053
5032
9367
5929
3115
5791
6664
4160
6526
5343
5627
1768
6445
5456
7218
9616
3781
9269
7182
4899
1328
1115
8533
3438
4629
3160
1114
1210
9285
3334
9862
1199
5625
4795
5323
2498
4730
7166
1775
9807
1072
5613
1263
4706
9090
9498
3468
4345
6852
3196
4646
9743
7166
6336
7807
1712
6039
4265
7102
9551
2500
4289
1092
5321
7252
7387
5472
7519
7864
2290
9300
5317
9305
5231
1783
9137
7574
6733
6051
9737
8122
1976
9987
2120
8902
5024
4053
6794
6133
8367
3706
5038
7378
3617
3376
9303
2060
8176
4953
8304
4588
6317
1236
5157
6953
6153
1994
7604
2389
5205
8275
7451
1562
3740
6077
4886
3188
5624
1751
1732
7893
5114
4820
4061
3929
6977
5094
6204
9756
3911
5449
8284
3812
9899
3987
4310
3823
9205
4323
7039
8024
4063
5548
9028
2944
2091
6912
3280
9786
2327
3560
3518
6047
2047
9103
6192
7964
6704
3626
1117
4687
8193
9566
8749
3989
2842
9851
3589
7990
9037
5676
3996
4494
2545
6033
5182
5377
2910
3274
1275
3835
2455
9941
3770
7949
6468
1235
5225
1764
4253
8559
5244
6755
1977
8542
6345
2364
4550
4981
9233
3463
3620
9599
6478
6691
9981
1312
8340
2546
9624
7683
5750
4150
4146
8603
6881
2277
4042
1019
1093
2042
3647
9191
1380
8930
8261
8052
9275
4641
7121
7302
5210
9421
8377
7238
7192
8699
3195
1116
5344
3287
2498
9286
9832
1780
3776
4105
7524
4012
6564
5287
8842
9079
9460
3960
7201
4954
9991
9589
1889
9800
1345
7105
9285
7632
9958
9916
6749
3027
6774
9441
1905
2857
7073
3452
7562
6712
7692
1562
3412
6348
7992
3590
5122
9415
5451
5717
1990
8487
8405
7000
8566
7672
6730
3830
1084
3898
3616
2183
5527
5437
7528
2271
8817
4314
2127
6300
7658
9510
7008
6758
7299
9557
9092
6014
5408
8475
5511
9202
4266
7333
6252
1120
3713
6986
1675
7249
8493
1646
6167
8732
5979
7493
1238
7483
4012
8137
9603
6872
7404
4368
7927
5689
3259
3882
2800
2543
7379
8634
5878
2780
8767
5912
7054
3690
7174
9002
6235
6324
7502
4225
4107
5320
7646
9043
5282
8981
8755
3678
8364
5842
9523
7310
4123
3590
9579
4614
5939
6240
5766
6746
6017
7654
9208
1944
6048
2427
8898
8129
5774
5531
6143
7205
2148
7593
2645
7169
3400
1922
8313
7914
3486
9713
4481
8216
2953
8575
5049
5875
6166
8034
3508
8831
9655
8416
7121
7256
3731
8781
8385
2359
4672
7640
4303
6434
3299
3319
9407
5683
4697
5428
8617
7322
6242
9857
1296
1810
1019
5248
4939
2242
6201
1216
7461
9833
2526
8865
9881
8245
3171
5239
4711
8714
7780
1929
6644
2799
8904
6563
6916
5622
7069
1654
2432
3298
3312
7384
3778
6600
2728
1818
9348
5915
8035
5019
8048
4425
5988
8818
5325
5696
8203
6077
3369
3854
6646
3239
1323
2981
6167
8343
2714
3586
8201
5484
1052
2168
5516
3086
4201
9772
4511
5377
2403
1501
4202
1867
7901
4212
9887
1165
3979
1381
6964
7189
9566
3432
7133
4176
7688
8738
4191
4107
8261
7111
4267
8559
1880
1868
7112
4125
5408
6057
2203
4527
5427
1502
4254
4695
2153
5760
8333
7154
8544
1210
2897
2798
2803
7822
5408
4208
9731
2800
9480
4652
4604
6570
1291
2285
9524
4374
2285
1265
3359
3552
9266
2852
7405
3018
8111
5794
8917
1406
2074
5478
8088
5959
6440
1333
6934
4803
2119
3016
3186
9576
1530
4654
3759
8690
6527
4206
8543
4023
2028
9095
3572
6622
5908
1893
8169
4495
7555
9510
9862
3089
3398
1930
9292
3708
1945
2152
4633
6822
5360
8265
2516
9019
8214
1364
8321
4000
7666
7665
6210
8831
4962
3044
7234
3715
7439
4096
3965
5767
6687
1520
7633
6085
4947
1004
2983
5083
7841
9461
8420
6554
5381
5096
7092
7310
5444
9319
1775
2832
2946
5001
8627
8786
4095
7308
6609
5202
7381
6508
7780
8757
7438
4269
5480
4818
5721
1072
8279
8705
9911
5565
6533
1049
7200
3348
3656
3237
8624
6555
3295
6609
9085
4692
9156
2394
9105
8464
3026
6822
7445
4783
4320
9215
8142
1893
7460
9906
6819
2010
3288
3961
6554
1795
4978
5697
7527
1252
3721
3994
7839
5097
9507
5213
2838
1908
8792
9911
5674
6369
8789
8034
6062
6986
8690
5028
2837
8018
9842
5477
3113
2901
2450
6002
6321
3814
7330
2754
3201
5177
3726
5646
6338
2773
3933
8654
6870
5767
5907
9679
3045
5990
5467
4165
1789
6513
3993
9525
3988
3682
6906
7747
2170
8861
6936
8542
8653
7591
8630
9941
6647
5190
9669
9859
6245
2865
4517
5015
3783
3962
8473
9665
5160
2526
3303
9329
3348
5103
6491
9949
3538
8681
7074
1966
8363
6693
6832
4703
4086
9687
6182
6086
6802
5927
3444
5351
1077
4307
3209
4079
4553
3801
2501
5804
3952
7974
4981
7273
8170
2430
5801
6770
7404
1124
4684
6836
9005
6262
9006
5691
1999
7785
3120
8695
9965
1450
2398
5502
5988
4594
8132
1207
8791
9215
2551
6664
7800
5207
7400
8290
5799
5471
8749
5709
7244
9555
7836
5104
8618
2866
6253
6811
8976
2662
5097
7278
7558
4838
9032
8935
1662
2066
7901
7691
3437
1301
8038
4297
3819
1938
7979
4723
4720
5785
2360
1691
6360
6893
8792
8497
1158
1041
3705
9552
5421
7662
1660
4754
9403
2795
3822
3032
2244
7262
2683
9765
6813
7709
3927
7227
3755
6091
3436
9775
5817
7974
7498
3762
4690
6041
3686
8448
9070
9552
8184
7231
4853
1890
6815
3685
7685
3361
9663
1419
7702
7306
9918
7230
3983
8645
1146
6881
8548
3238
4458
5010
4286
4414
3118
7809
7883
7415
7507
7330
6192
6608
6267
5608
7660
6123
1656
4439
8375
3047
2275
1881
1515
1581
1182
2688
9691
5491
9378
2378
6653
2826
3793
7091
7476
5436
1240
2510
7263
2424
5571
7166
4981
8640
3961
5538
8153
5959
8112
8700
9545
8790
4369
9756
5316
7890
3634
7077
1318
3743
5719
8377
6761
6382
6658
8857
6143
5742
2708
1564
7633
2362
4399
4923
1728
2440
4422
9996
5316
5073
3220
6987
4283
1489
7444
9109
6144
9993
1781
6251
7613
2102
7150
3451
8179
2600
5452
8440
2044
9400
2866
7002
6959
7909
3153
7290
1599
7104
5252
5107
4507
1434
6596
9481
2567
7871
5903
7452
8767
2545
6881
8269
6400
1589
5841
8218
3519
4233
8540
8708
1555
2502
4174
7772
2217
2934
8632
4819
8253
2986
1471
4165
7184
9643
7961
2133
9070
6306
7759
6635
3620
5114
3084
6675
1943
6284
9374
9984
8616
1329
4532
5506
4966
7471
8672
3274
8637
7033
5361
6142
5632
1730
7292
2636
2634
1256
8446
3883
6458
7523
5357
1303
5448
5765
2209
3396
9365
9202
6906
3803
1861
8763
5288
6877
4910
7115
8694
7187
6024
1928
8463
2026
5185
2215
7853
6497
7032
6617
7688
1924
9128
5764
5183
4194
5044
4159
9270
8494
5134
7124
5046
5849
6340
3725
3387
3317
9032
8723
5309
9442
2169
7371
8497
1821
6130
4627
9565
8958
4321
7969
8979
1789
8429
4399
9786
9466
4849
3264
9232
8017
6841
4348
1953
3484
8337
4235
3583
5770
5290
8400
6280
4793
4703
7436
6464
6992
3555
6576
1077
4389
2679
3143
2271
4020
8000
5233
5020
2501
2285
1236
4775
5558
6588
6399
2073
1430
8928
7792
6861
7890
4200
7471
2622
7684
7353
8170
3281
6588
2814
8032
1563
1466
8957
3684
1185
6472
5962
2477
1283
9464
3475
1889
3336
7433
9128
7752
6741
6022
1659
6929
6624
8594
5105
3235
2959
1360
4471
9015
5434
5651
5835
7928
9131
8289
2966
3854
8407
2587
1142
7481
1495
2187
2603
1422
1587
6655
3773
8522
4745
1727
3473
1326
3275
3965
5960
2198
1518
7441
6021
9093
4347
8703
9430
9417
7177
8544
9752
2515
6648
4410
4172
8972
3291
3513
2433
2526
4800
8767
3630
4497
8429
2061
5210
5121
4618
4563
8476
6115
4624
5171
8516
9171
3439
8805
2313
9976
6424
2665
9040
4836
3565
5785
7338
3741
2173
3035
7005
7607
3427
9463
5518
6567
3361
7466
7422
8783
8863
3223
2207
9443
4025
8830
9117
6899
2018
4930
1997
5715
8447
6144
7522
3595
5530
3876
7589
9199
6894
8262
7402
4376
6874
2189
9352
8087
7465
9140
7959
4556
6785
8929
4703
3814
6772
1454
1113
9496
2248
4543
1650
6675
9896
8915
9368
6582
5630
9508
6716
9833
2894
8349
4828
5263
6084
6066
3063
4669
6460
1528
3150
2017
9348
4027
9875
2997
2973
4639
4773
2117
5629
9295
5076
2555
6695
8960
9132
4753
3457
2269
8928
3348
2462
6749
5724
6492
9841
3672
8599
9509
2331
4249
7501
2663
7460
8548
5063
6705
6388
6701
9508
8189
1873
2933
2279
2983
1781
4006
8468
7974
5166
4647
3028
6743
6703
7452
8659
1059
6927
3149
7828
1576
7747
2690
5011
7443
3416
3633
1450
3697
6094
9597
8946
5225
7374
5173
7085
4338
2583
1658
1261
9856
6005
6409
3869
8628
2436
2210
9362
7035
3219
6521
1019
4695
3436
4742
4065
1851
7575
5877
1451
7051
5424
7624
8446
6391
5258
3896
6153
4290
5780
9217
2068
3210
5690
1481
8816
4032
3421
5174
1824
3488
2140
9674
8646
4178
8106
3639
7815
2227
9454
4656
4628
6855
8511
1045
5982
8693
8725
9091
7113
6782
1854
4119
7571
1542
9810
7763
6301
6901
9948
1916
1298
2483
9061
3965
9310
7558
6600
7009
8514
4532
5015
8181
7429
8919
7268
4245
1648
1509
8588
5701
3476
1470
8677
3389
5964
9840
2237
5527
2405
6321
9616
2237
7182
4989
1205
2630
6824
4081
7313
5072
1242
7848
8900
9726
8491
3779
8670
3198
6714
2067
8808
6798
1768
3729
9646
2743
8261
4076
8179
3911
4978
1376
8591
3278
2704
3931
7079
5824
8860
1194
3427
4292
9898
7358
4400
1869
6202
3209
5092
8604
9778
2214
2726
6001
7418
5623
1373
6784
3883
3308
4630
6749
9911
8174
7312
5269
7581
5907
6892
3530
1269
7174
4051
8552
1940
2561
8527
9328
8318
8731
7404
4502
1975
1055
7332
6864
5749
7238
7938
9722
6893
5568
7315
3937
8552
2387
7976
8213
3167
8543
4761
9717
3817
5637
5698
1280
8534
9992
1003
9997
8401
5176
8423
7670
7904
6806
2213
2552
5097
8849
6717
5118
4460
6467
1512
9545
8870
5135
6993
9778
2092
2626
4373
2529
6698
8091
1227
7783
2696
1496
6794
7650
2251
5255
3816
7126
3713
5318
4744
3884
5701
4879
2172
8053
7867
7240
2785
7611
1102
3370
1715
1473
2506
9342
9266
4201
7575
5724
8428
6880
2472
1147
1855
9933
7503
2236
9430
8425
1584
3257
1321
3824
4138
8166
1153
5643
4891
4377
6409
7189
4942
1862
3706
8892
2033
9816
7693
6859
8610
3084
1428
2840
9382
4684
5984
1055
6944
6104
4527
9193
5784
7958
2296
1418
5028
1979
8963
7750
9963
7412
4755
4486
5325
7625
2878
9921
9745
7971
3431
2664
1258
6801
3928
5095
4845
9542
5582
9948
7844
5296
3527
7946
7050
5950
2533
7026
1640
9140
7647
3578
6312
6313
2137
3616
8899
4100
2806
9728
8680
2154
6264
4770
8713
6305
1329
1153
1277
6793
4518
5517
8122
1646
9823
8511
2341
8665
9329
2093
5850
1849
4284
2988
4675
1316
4193
2942
1622
2573
1572
3328
4934
8502
4182
3821
8199
9767
1360
4194
1938
5311
8741
3560
6897
9852
1995
8853
7350
8723
4278
9378
3533
5625
9421
1861
9550
1986
1873
1588
4837
4833
5983
4628
9599
5623
7696
3346
7053
9974
1706
8895
9333
5005
2102
4697
4972
8117
4292
6400
6422
4555
3214
2256
3389
6580
8902
3070
1451
6061
1623
8149
7996
4894
7500
1391
2773
7042
1366
9114
6886
8555
3595
7317
8159
4593
2306
1805
2502
5134
9573
9773
6887
8522
7909
9393
7938
7286
9170
7408
7731
5316
1770
2717
6322
2839
9039
8422
4675
4536
9254
4883
7628
3306
8552
6432
1775
7066
4682
2025
9541
8306
5714
6913
5106
6077
9715
2195
9772
5160
5966
5155
3996
6949
8311
9996
8153
2127
7204
9904
8805
4116
1878
7615
8274
3421
4358
4102
4695
9328
6521
2621
3610
9649
2123
8830
5673
5847
2153
7593
2321
2198
2348
8715
3424
8466
2950
7867
1943
2698
2893
5100
5815
9704
3367
2424
9110
1602
2044
3171
8135
1858
5307
6023
5510
4044
8345
7152
7270
2679
9351
1230
4209
2851
5840
2150
2380
1127
2436
4164
7611
5441
2697
7324
6613
3452
4253
2795
6351
6014
3909
6584
4166
1697
4338
2127
1206
5729
3642
9811
2226
8841
8057
3891
7378
2353
6174
9577
5394
9744
3747
1840
2693
2200
2214
3790
3798
5787
6349
7704
2654
8347
9916
6753
4274
6357
6879
6445
7230
9106
6332
9197
9329
4675
9432
8168
5897
7997
5430
6578
5556
7833
1073
8568
4270
9530
8670
2610
5365
9461
8200
5220
6755
7237
4270
7697
1606
1103
5208
7761
9667
6222
9134
6350
7772
4947
4753
4956
8799
5742
1579
2968
8686
8260
8255
6070
1791
1004
9842
7387
8429
2574
7979
8628
3640
7161
6728
6551
6685
8245
1426
2373
5683
1800
4510
2083
9660
1948
6697
5620
9695
4910
6948
6721
3438
2273
1920
9769
9578
2892
1971
7504
4098
5554
8793
1161
5683
7203
9468
2200
5100
2759
2640
9745
7530
5869
6248
8250
4131
1967
3169
6912
1573
4757
5222
1343
4282
8549
3611
2969
8188
3187
7928
9336
4384
7870
2512
6122
5005
3325
7797
4173
4569
1494
9633
7904
6539
2329
7680
2486
2171
8362
2501
6156
5681
3424
9911
2369
4342
5444
2277
7538
2480
5196
2373
3645
8731
1369
9171
7239
1506
6214
1966
3598
3524
7279
4466
3668
6260
9880
7749
3847
7795
5971
6420
1970
1296
5412
8068
8959
1356
1254
1575
3256
4914
9041
9268
5780
1326
9029
5779
4530
8534
3639
6431
5488
7311
1783
9310
8972
3265
4020
9125
2454
8962
5870
7699
3473
6409
5255
5331
6641
1333
7856
9784
9443
4339
2666
9388
7500
2670
2993
1176
1974
2990
2790
4600
7612
6014
1287
5705
3027
6055
7792
5946
3044
6324
4788
7538
2587
1301
2863
5913
7071
9596
5694
3337
7556
7439
1983
7135
4864
2343
9185
7179
8900
5346
3099
3886
4554
1153
6223
5032
2445
4114
3878
5108
9035
4030
2827
9995
9483
1059
9719
9284
7301
9108
6068
7063
6648
8192
7406
3173
5840
9692
2046
2298
3819
4258
4968
2686
8351
3922
4762
9758
7139
7791
5993
6277
2851
5124
2988
9214
1156
1552
9410
1372
2434
8216
2703
5632
1618
9364
2943
8177
5275
2905
4249
3502
3183
3124
7635
7107
2500
8497
6392
8939
3625
4533
4049
1232
5139
6562
7073
2358
8823
9110
9374
2255
3098
5454
5310
2940
8935
8431
3074
1907
3668
9269
5464
5172
8460
3395
1606
3794
8463
5473
8544
8010
8161
8353
8056
3172
6696
4841
6419
2185
4823
5353
8080
2734
3422
4006
9087
3032
3383
5389
6730
4837
8220
3852
4244
7234
4337
6190
9118
9914
8367
8553
8270
9947
7717
4372
9001
3449
3659
3838
2180
7278
1167
4718
5264
6258
7971
2591
5283
4305
1537
7391
9444
2354
2683
1564
6373
5701
8527
1002
7464
9244
3024
7857
6686
2021
7028
2570
8586
2674
8340
6131
8647
5850
5373
6023
4529
1169
1600
5837
2209
8418
7660
8390
1166
1753
8917
7907
6401
4795
1935
1750
5823
2849
5621
3034
7001
9159
7795
7703
4734
1127
5270
1329
5725
6692
3129
6221
6373
9390
9246
3317
6649
1520
7417
9370
5630
1714
2637
7753
6308
5593
2769
8003
6121
5106
5735
2362
8435
6873
5097
5134
7443
1238
1577
6096
4079
4905
3856
4568
7081
5121
3250
7438
9401
1286
9942
9420
7298
6474
4750
1718
5405
1297
8194
7957
9696
1199
9729
9536
2462
3914
7222
8758
1906
9846
9375
4602
3721
9857
8030
6364
4079
1471
3346
4793
5831
3028
6500
3689
5237
4357
7919
9792
2863
6743
9482
1031
3504
1105
5409
7554
9292
9202
1527
6600
6114
1017
8272
2685
3004
2189
3666
4926
6850
8130
9864
3076
3311
8613
8305
2730
1880
2196
6739
6120
8060
4570
7192
7983
6351
7349
8633
8658
6554
1471
7572
1983
7066
4375
4021
7293
4165
1979
7636
6628
1607
1992
3336
4151
1419
1291
6750
6426
9878
2417
8058
7824
4906
9974
1237
8230
5553
2945
4492
7266
1441
9749
3056
6739
9676
2639
7677
6805
5167
8805
1356
2122
2847
3711
1504
4611
5932
3559
3938
5303
8227
2219
6121
3904
3420
6782
4609
1876
3480
1345
4416
6797
8391
8687
5827
1791
7222
2530
4916
7358
8554
7462
9843
7533
8398
8540
3095
4662
9305
7929
7668
3643
7972
4376
8391
8058
8492
5525
7566
8925
3763
7167
8181
6430
4618
3043
9490
6246
9761
8618
6400
4412
2462
8560
6738
5562
9899
9720
5781
5871
3587
1252
6638
2972
3134
3909
6341
4000
6194
2450
4647
1781
2973
3597
5667
8332
8933
8331
6995
7249
7725
9423
3203
2482
9194
5246
8187
8277
2230
8168
9718
5369
5599
3407
9269
5952
7838
6355
6982
5655
5646
8532
3082
4627
9592
4194
1505
7118
7528
8812
4368
8935
9015
3056
8398
6900
2594
1348
1401
8391
3747
3259
5137
6193
5910
8640
2091
7759
9023
2441
5975
4342
7093
3982
6099
9101
8749
4471
9678
5845
3041
1190
7075
4572
4909
6789
5784
1354
7562
4621
2308
8440
2303
6045
9459
2486
4046
3510
5400
1554
7042
3430
5903
9514
9270
1540
6071
1934
7710
1532
3425
7161
2161
4550
4199
5167
8530
8175
7814
2221
7141
6563
7721
2150
6205
7245
3267
6726
9262
8357
6421
3529
1670
2385
3207
5473
9715
5094
9034
1065
1137
5904
9032
6115
9074
2400
6135
7438
9022
1610
5214
3398
4198
1372
8229
1806
7492
2143
9204
2138
1588
4224
6877
6368
1473
1928
4250
1469
4912
1471
7433
1161
7558
1945
1193
7805
6879
3688
2079
6896
3904
6408
1944
5712
7186
2202
9306
8487
2361
9596
2990
7933
6033
6732
7505
2070
4503
9972
5287
9645
7118
9288
1602
1274
6964
1876
1622
8533
6926
9121
9147
8355
2614
3239
8427
4682
1280
3784
7160
6033
3144
4251
3539
9167
1260
4885
2280
7920
4341
5978
6128
5670
4452
7473
3199
1617
7888
5014
2854
7051
4029
6696
1116
5184
9796
9302
2135
2775
8931
5333
8807
2156
6168
6136
9390
5855
7616
2438
5116
2379
5762
2979
5056
3259
8881
5167
4497
7808
6303
8977
6227
1249
7027
1432
9798
8555
4446
2280
6115
9008
2389
8676
8576
6096
2211
6285
2158
7973
3610
6496
7456
7530
9600
8231
3003
3639
1664
1121
5485
2799
6253
5423
2639
7013
2538
6573
9147
5006
6046
5038
5401
9976
3658
7604
7034
7322
2979
6832
8700
9309
5677
5428
2393
6279
6633
3919
7870
8607
1952
3083
2614
6367
3381
9662
3002
1203
8477
7171
4889
2775
5450
2828
2050
5471
2030
1230
3349
4625
6561
7943
3177
2579
9794
1718
7277
4442
7414
1065
5481
8090
8049
6303
8362
6063
7595
8370
6119
8164
6766
2172
3698
7031
4639
7510
7149
7053
8355
2425
1636
2907
4448
6794
2727
1433
1938
4579
4241
6081
1034
6548
4798
7546
7302
6297
9177
3455
9867
2881
1556
8154
8441
3311
3858
2700
7852
5235
3574
5084
9254
6553
7349
9504
4934
2556
8190
9225
3480
1616
5931
9526
7538
4643
4719
7471
9690
6980
5158
4356
3551
3512
5586
2401
1798
7094
5590
1542
4963
4047
6970
3054
7027
3929
1661
4644
8053
4153
4908
4120
9310
7950
5305
9039
5704
3773
2006
6321
6956
9795
2311
7842
9697
3074
3225
3029
6685
8292
3155
8611
1345
3721
4128
2608
5766
7657
1503
6133
1416
7458
7940
3168
6991
2089
2980
3534
1387
9187
3830
4248
3940
7467
5489
3784
1040
9849
7111
5249
9604
8747
6249
7325
8701
6808
2542
2673
8409
8896
6377
3626
1782
5157
1258
9897
8557
5939
7277
6758
3228
7380
6196
2614
4187
2030
6293
9753
7708
8237
4920
5385
5250
8240
8158
9491
5370
1101
9744
7580
1210
5207
6843
5119
5937
5331
8299
5188
2577
1821
2822
2159
2705
2154
9635
5782
3267
2701
2287
7830
3184
5771
6647
1851
9497
7301
6632
8365
8337
9325
8359
2201
5050
4802
6238
6421
7648
8591
4807
9650
6831
4948
7887
3110
3851
9771
7975
1358
6272
1380
8746
3540
7475
7549
4758
4663
7757
4959
2003
4539
6449
9327
4340
5866
1240
5794
4781
2421
1309
4389
3528
7898
6704
5669
9627
9486
3460
6634
3458
6775
6766
5689
1493
6707
2515
8149
5857
8339
1436
6347
9172
3083
4921
7470
4389
7163
3885
3381
2453
1622
8439
7523
8863
6718
8992
9501
3074
8973
2483
4949
9051
5692
9385
5215
6842
2367
2125
3208
6609
9008
5539
1072
2865
1915
6837
5044
5034
9693
3834
3971
1955
7653
4350
6129
3048
8229
3968
4116
9517
7820
6375
5526
8931
6914
8096
1517
1762
1026
3960
5834
2602
6911
7911
2476
8692
7760
1905
9676
9130
7818
6135
8734
1972
4449
5841
9702
5345
8761
7174
8067
6553
7456
6345
1820
6894
6410
7376
1788
8010
4425
5625
3961
9843
8672
8405
4547
5682
2599
6999
8773
3302
8847
8684
9745
4583
1224
4191
2685
1705
5243
6258
7373
8381
8518
5187
5155
3777
7713
7511
3908
3687
3243
1038
9069
8528
7140
9709
4073
6435
6208
2401
9169
2084
7063
1411
4701
3288
1304
9978
7942
2805
8148
4875
4375
9962
9056
6900
5994
1986
7668
8584
1924
9683
5312
7529
5757
3828
9946
2366
7264
1980
8995
1454
4036
8385
4501
8052
1334
1259
2173
4783
6882
2013
5719
4952
3512
9774
5136
8245
9021
8891
4378
2116
1843
7942
4292
7357
5812
2867
5900
7179
3803
3129
9715
1833
9007
9259
9905
5877
5085
4971
2340
9185
9136
5920
9419
9415
5361
9984
3974
3564
4289
3380
9717
2521
1724
5678
6891
3620
4352
9872
2988
6830
3142
8317
1309
5852
6600
3515
6214
8200
4337
7530
9167
5726
6785
3351
4548
4979
7964
8380
7021
2864
9410
6168
7990
4238
5303
5437
5045
3555
9729
4618
8918
2778
3995
3855
6775
5444
8635
7081
6343
3134
9180
8038
1011
1695
5281
8417
8689
9183
6066
8415
7935
4845
7106
9761
5406
3625
8553
6063
9895
5567
5552
6374
5047
1759
6883
6295
4792
1738
8475
6752
5767
9908
6570
3557
9852
8419
4168
6371
2378
1344
6437
6697
5458
6306
3915
1319
1961
9294
8187
8417
2980
6833
2749
6511
2597
3580
3029
5864
9155
7010
8089
6679
5238
2128
4976
4092
2090
3998
4210
9018
5973
5733
8821
4231
3786
3360
2796
2842
4478
7298
3641
1848
2744
5638
6479
1778
8908
7209
3771
3372
9676
7637
4549
2577
8902
9518
5391
1191
8697
7864
9456
6335
1096
7833
3521
2665
8180
5190
9576
3191
1865
1847
5390
8440
4778
7618
8201
2176
4402
2215
7527
5481
3232
6539
7194
1281
5498
3860
8774
7113
7201
3343
4249
3265
1171
1184
6200
7622
4776
7548
3760
5655
2537
1049
4882
1273
5783
1257
5214
6120
3721
8841
8019
7262
9997
3668
2152
1744
8364
7401
7032
3109
3578
2945
5505
1029
5619
4938
7384
7622
1466
6556
9341
9265
2261
3397
2082
9606
5560
8365
7005
8146
1983
3757
5213
3852
1899
6575
8831
4845
6546
9114
8363
2360
8199
8205
7972
9543
5363
6691
7110
8622
8756
5908
5512
4073
3694
5488
9540
3624
1046
4674
9271
5776
1735
5600
8115
6678
9945
6269
3560
3645
5683
4168
4270
4815
1889
5734
1122
8246
6965
9730
3636
9649
2128
8829
8137
8334
1963
5948
1551
9673
3394
2847
6325
8530
6758
8002
3971
9984
2398
5805
2571
9362
2959
8790
1178
4601
2010
2330
7408
3560
9661
6601
2803
3028
9484
7258
8496
6645
7967
5488
9959
9972
5757
3866
7034
4502
1991
5132
8557
8588
2624
9380
2824
1561
5099
9114
5892
4177
4697
4337
3635
4774
3741
7568
3329
2152
3614
2915
3743
7029
7409
9499
9494
1545
9040
4878
6599
9371
8084
4091
9232
1051
2315
1476
6896
3659
4999
1230
9496
3100
9620
6669
8807
2247
1686
9880
9415
9717
6843
3300
5328
5109
9552
2232
2352
6857
8405
7780
1570
8558
5925
9329
8900
8388
6395
8954
5533
8930
4522
9297
2278
2737
9395
8600
5272
5840
4894
5294
8932
5029
8897
2272
8082
1785
9571
9104
5664
3037
5968
9779
2490
9543
3341
9957
1088
1967
2056
6486
4340
5572
9236
4738
2730
2670
5620
8711
9965
4417
1030
6238
9829
4150
1970
5214
7196
9516
3822
4860
1212
7899
6758
5067
6144
6096
6405
5049
5118
6560
1173
4910
9160
1349
4898
4974
4307
2272
2024
3847
7535
2095
9353
2205
2225
8818
2828
1700
9087
3111
4962
3598
1481
1061
3188
2066
7167
2773
9895
6904
7183
9812
9127
8817
4620
7274
9449
5977
7057
3802
4589
4072
3385
9001
7538
4501
7251
9821
5526
2591
9558
2874
1379
6498
1142
9386
6662
1484
4513
7988
5528
3723
3680
3077
5700
9918
9502
1061
1207
4354
8606
9921
2094
7069
1333
8838
1698
7291
5448
2590
6450
4664
8887
3010
7713
6719
7332
1045
2343
8052
3527
4002
9302
7352
5596
8379
8343
6125
4060
1336
8003
4749
1715
4026
9050
1186
7610
4188
3804
3801
5991
3635
1339
9079
3255
7267
4367
1776
2595
5976
6031
4890
9975
3538
7228
7616
2530
7742
4556
5193
7316
2966
3996
2899
8932
4083
8259
2156
4794
5477
3889
6095
7629
3802
3928
8218
3046
3320
5066
6442
7176
1683
4286
8491
4917
2854
5467
8633
8078
2820
1091
5704
9591
7008
8072
9119
2495
6533
5300
2915
6669
3605
3980
6406
8725
5675
6313
5283
6831
5300
5043
8329
5264
4815
7609
7639
7274
4426
3321
6206
6104
1509
7110
1153
1009
4831
2062
3765
5445
2949
9702
5439
4621
8742
8766
2823
9596
5233
7508
7569
3866
1795
8373
6976
9265
6770
2140
9553
5633
8346
5524
8769
1428
9375
6896
9350
2060
3916
7711
4656
6304
4486
6217
2880
1775
2505
6804
8757
4178
6542
3597
4848
8602
8027
9712
9873
2057
3109
5095
7349
9065
5435
8913
1649
8824
3157
5850
7289
3338
9065
5676
4978
6895
2015
3685
9742
7095
7319
6263
2727
4530
8422
3512
8979
4056
5237
6819
6736
2423
3246
8443
6696
3694
3258
2439
5758
4977
2244
1224
3459
6825
2694
5523
1482
4658
6399
5921
1021
9966
9331
2993
2082
5396
6637
5534
3807
2221
4585
8935
5601
3495
3086
8846
1958
1198
6661
6525
5586
4149
9389
8903
7673
4352
9800
2057
8075
2256
8249
2693
6075
6935
3887
4993
3914
3560
5983
7928
9864
5247
6267
1632
9351
6240
9530
4891
7286
7555
7616
9958
8584
9427
8443
9847
8970
2306
6879
1283
8489
6669
2476
2962
8180
4548
4779
5966
3584
8831
2193
6538
3972
2986
2450
4013
8466
3671
1982
1545
1872
4906
2360
5849
1940
7966
9663
9152
6771
3545
7198
2156
6962
9497
3635
9012
5760
7513
3393
9258
4190
1418
2940
2921
3003
3942
9491
4777
4625
2049
3123
5201
3763
7301
7547
6903
4811
4983
5178
6817
8243
4125
8382
8258
7939
5635
9364
9864
9374
2703
7715
6883
6510
8552
1907
4121
8465
4723
4614
9094
7538
2806
3632
5637
3956
7349
6105
9567
7681
1857
2111
4868
1287
3598
2907
5524
7052
7826
3788
9641
6179
3422
1973
8486
1733
4989
2204
5355
5531
4119
5698
9407
3143
4818
4074
4590
5572
3622
2106
4359
2126
7381
5870
7456
9703
1699
7743
7197
8884
7936
4491
8469
2510
2022
5856
6863
9545
1017
1395
8397
3420
7638
9623
3207
7962
7788
6859
3975
2073
9706
3622
7999
5374
2192
2145
1124
2298
4047
3311
8262
8829
8035
2838
9457
2555
1700
7558
6739
7114
2280
9252
6695
2347
3387
9944
6716
7852
9550
9792
1934
9607
3558
8148
2481
3491
7785
7805
7355
2250
1645
3169
2008
9528
6854
3012
9342
9313
3485
7475
9621
3970
7469
1479
7834
8384
1789
6745
2058
7877
4837
9621
2776
2100
9520
8707
1087
8432
2207
2665
2518
5951
7925
8017
9927
4339
8024
4294
1252
1962
3255
5777
9275
8255
1890
5733
2466
7359
4178
2418
4534
2799
2907
2496
6631
5022
3284
4266
3226
7011
4158
4960
6293
2246
5713
2652
7738
4483
5835
4614
6700
3375
9896
6671
6668
7770
6115
3265
2393
9191
1852
9771
4137
6541
6732
9150
5386
1741
5696
2611
5344
8306
7825
3028
4890
5524
4081
7678
5880
4771
8837
7499
6141
3848
9055
9380
8865
4206
3909
6857
6210
7446
3664
4968
4631
4552
9941
5404
5545
2350
2062
5743
5186
5120
5109
9451
6774
4122
2274
7119
8074
3160
9281
4617
3426
8514
9771
6423
5499
6943
3617
4528
9801
4893
2025
1975
2573
7526
1074
9430
5811
4397
6505
6206
2570
6348
4437
3926
6142
3557
3478
6404
4333
8431
5420
2604
8894
2119
3709
8850
7900
8000
4610
7898
7847
8614
5095
3492
9359
9887
2658
7758
8622
1425
7836
1680
5888
3864
8194
8071
8184
1372
3782
3159
5705
6187
9041
5645
3089
2424
7345
8696
1242
4491
3996
1341
5637
1103
4003
3928
6432
8379
8070
5124
2092
4497
3448
4187
2119
9555
8095
7613
2949
8167
9210
6662
8320
4767
3252
3882
7510
1767
5800
2357
4835
8339
6142
9592
3499
1195
5992
3396
9378
6542
9902
2203
2133
7326
6351
2990
2583
5889
9809
3569
4256
8688
2418
8156
9995
5556
2617
3887
6125
3416
5734
2422
3102
3355
5188
7615
4130
6811
3334
7253
4636
4764
5328
1348
7949
2665
5780
1192
7791
9949
7370
4886
8147
7886
2019
4291
1411
9737
9927
5934
8566
2816
3761
6798
7693
9209
8398
8707
2591
9118
1732
1273
6239
4212
8176
7532
7491
4165
8460
1767
8242
3594
5124
3058
7968
4512
5499
6904
2029
4327
9249
1004
5518
5240
6960
5108
6658
7183
2551
8597
5297
6177
8286
2711
2891
7576
3738
2842
5721
6269
3140
2951
7619
6687
5446
4025
5156
3200
8843
7161
3070
4221
2620
8693
2780
5832
9732
2898
7747
6408
4976
6013
7217
5908
1241
9330
6290
8029
8223
5833
9056
7231
3204
4263
8360
2920
1344
3267
2638
1398
4557
5191
4456
8619
7241
2179
1810
5206
7995
9966
9827
7591
7688
4888
6651
6110
4199
1181
8718
7297
5831
5732
9100
3827
5980
3148
8712
8312
2209
7157
8138
8520
5164
4531
4431
9807
8036
8759
5821
6572
1576
5838
5559
6732
3515
5316
9154
4804
6160
5355
2187
1732
2421
4004
8765
8401
8568
4269
4582
3260
1946
2826
7405
9476
5772
4971
4435
8118
7636
1575
2877
2974
2021
2990
3902
2175
7520
1073
9535
4603
4580
7728
6965
6110
5046
7519
1632
1396
8486
1060
8931
1836
4882
1504
5273
2667
8782
9313
4293
4884
1247
8553
5391
1466
8959
2748
4509
8897
2046
9019
7502
7231
6056
2822
7684
5315
5778
2140
7933
8211
2314
3602
8733
2849
7413
2087
4687
2395
7571
3297
7494
1753
9093
1903
8959
2461
9394
3138
2400
7234
4111
4237
4357
2113
7278
9647
2205
8896
5874
7355
3432
6522
2616
5689
7922
4711
1677
9378
5830
5319
1706
9688
4997
4240
3816
1124
3630
3711
8165
4684
1524
4540
7073
5387
5171
2519
7548
9562
1687
3548
6116
8822
9849
6999
5499
6823
7215
9771
7568
3222
1045
5933
3537
6950
3935
8821
6811
9527
2645
3544
1316
3790
9094
6335
1703
3230
3097
3807
4096
2328
2970
7871
2183
4992
1726
1463
5795
1197
8795
7724
8865
2553
2546
3218
1724
3189
2394
2949
3088
2189
1397
2291
4321
3016
6244
4662
8160
1510
3403
3321
9777
6443
1045
4066
8211
5763
7161
6766
2388
3569
1312
8232
7489
9362
2477
1566
6965
9628
4611
8467
8727
6833
5403
8987
9328
5464
7842
1299
4956
2026
5814
8909
8558
5813
1601
6681
5990
4548
5784
4172
3948
9715
5462
3195
3254
3817
4914
5040
7141
8994
1242
7144
4305
7517
4230
4387
6871
8348
8229
8004
2959
8135
2549
7100
8368
7991
3475
3527
9921
4027
7396
9179
3921
7305
1385
9210
9785
6214
8897
6791
2485
8882
2216
1012
3384
5901
1990
1816
1412
8501
8150
3064
8040
5938
5804
6632
2546
3175
5500
6999
5985
3057
1562
9019
5153
6528
3041
9601
3185
3146
7487
9831
5841
7413
8216
1488
1570
4756
6980
7322
2217
7858
6176
6609
4524
1564
8607
2419
1544
3764
5617
9558
9459
4524
9916
4053
7365
4378
8964
3109
5117
9710
9915
8597
8923
8592
6516
2517
2783
6234
5819
5125
4210
6901
9537
3329
3599
6947
7615
1836
7101
6934
1405
6615
4731
4472
8750
9275
5518
5100
7265
9200
9814
2354
2383
9749
9049
4534
4046
3119
4474
7449
9120
3237
1003
1687
9269
3564
9015
4035
3740
2253
3083
1562
7861
1731
6280
1995
4481
8682
2137
4110
9653
1267
3583
6276
2396
3900
5334
4144
5858
9102
9408
2703
6990
6558
1217
2617
7536
1435
9572
2235
5099
2097
2978
9705
7233
8274
8724
7771
2271
3595
1382
8927
2156
3043
3659
9674
8803
5221
1981
6029
5497
2486
8269
9166
3672
3580
7441
4490
5807
2628
4764
2880
2107
8382
4235
1484
7107
6747
1832
7739
8739
5668
1678
3397
3455
7956
5733
2702
5323
3862
6507
8500
2468
6710
9106
3338
3308
1961
6586
9779
9602
3360
3470
3586
2869
4904
4991
1345
9855
5556
4088
2076
2242
9595
3570
1586
7530
5970
8824
2363
4908
3588
4717
5639
1427
7858
5674
6002
1563
8752
8201
3715
8384
3556
6631
2489
7757
8451
9023
3805
9370
9427
3387
3578
4701
6863
9132
4268
9044
1323
1677
7672
5932
7670
1670
4338
1041
2813
1741
7443
2525
2254
9608
5890
1973
5847
6092
7474
9736
2134
8122
8402
4146
3355
8233
7293
3742
2132
1109
3982
5057
3834
7038
1353
1006
4181
6657
8325
4291
6869
6553
7386
5424
7714
5974
3128
5495
8634
5536
9268
5426
1545
7643
3015
3411
8542
6596
7220
2846
3531
7111
8909
1195
9886
6885
7185
7106
9460
2442
2782
2650
9799
8080
9574
9852
4106
8579
4005
3348
7459
6738
1395
8572
2760
7049
8811
1588
8422
7990
7116
1551
8900
7546
5055
3343
9269
1603
5740
3358
5659
6951
2632
3840
2596
3029
1248
7247
9558
3727
7674
2388
9773
8802
2515
3122
4103
4336
9938
2172
6484
8823
7965
2443
5047
9974
7640
6609
4818
2149
7698
8566
1196
8547
6258
9283
1871
5192
3781
2912
3244
2316
8593
5095
5096
8356
7298
3970
5774
1004
7492
3805
1033
1562
3224
7965
4639
7217
3132
5152
9621
5953
2168
5471
8176
5065
4585
3783
9478
6768
4865
8257
5532
7670
4118
5688
1709
6637
2955
4872
4238
1244
8685
7997
7417
3481
3783
5215
6254
3048
6417
8143
9793
3448
2519
8783
1464
5126
7990
6447
1360
6579
5748
1174
1727
5433
9221
8474
3985
9639
5936
7212
1295
2634
2898
4420
1782
2950
9903
6835
6803
8810
8895
4594
7889
2095
9287
8861
9072
2454
9284
5814
9841
5366
2114
1413
3264
9691
7721
7090
6282
5698
9785
4189
9995
3966
8077
7837
9027
2917
6007
3494
8052
7253
3889
6309
4870
5298
6692
5433
1626
9227
7167
2225
5041
2804
4641
5192
3772
6386
9425
1639
5824
5179
9836
7930
7620
4577
6790
2096
6654
8225
8109
2055
9346
7687
2019
1185
1866
2345
9043
9752
5242
9317
3832
9688
2040
9952
2798
6505
6968
3311
6977
7915
8017
5406
9932
8876
5116
2142
1548
2808
5387
6228
3671
4362
2150
6319
3461
6847
8607
4215
2499
2534
1894
1871
5322
8843
5474
8111
8024
8146
4249
4230
3822
3724
1083
8891
7656
2114
9357
2906
6344
6170
3915
5440
3290
8156
2267
5552
5685
7222
2852
8283
6370
8163
8621
9733
5223
5533
4024
7151
4788
4935
1937
2636
1844
6467
4384
9372
4605
3728
4722
3335
2754
6601
7761
1654
2450
4005
4374
3629
8711
7915
5396
8207
5759
5141
6504
1921
3542
7201
1199
5344
9874
6174
3285
5591
7610
6406
1536
3859
5715
8191
2642
3115
1393
2960
9994
3174
4149
4403
6014
4008
2387
1426
9933
2599
8723
3717
1244
2552
6701
9055
4354
1699
2234
5908
9390
4287
9890
8215
3980
5736
5115
2185
3294
8439
1063
1252
9924
8755
7028
2539
7120
3348
2368
1729
9386
6440
7413
1142
7502
5090
8270
9033
6220
3960
1784
7450
6472
5477
9974
6047
7176
5040
1160
3218
3969
3340
4426
7621
3331
2147
7312
5873
3475
1026
7239
9520
6462
2830
8015
2516
6346
2428
8445
5207
5321
6851
4546
4253
8940
8806
5222
6730
9835
8095
1608
9380
3424
8878
3659
7013
8073
9323
6629
2309
8358
1419
4891
6006
8820
5043
7449
9112
2808
1687
7400
9497
1858
8814
5072
4949
9254
3418
3770
1614
5793
5412
8493
8498
9550
7059
6633
2993
8847
5864
4300
9676
3696
8264
5061
9557
2325
6501
5298
4043
3728
5927
3956
8513
1915
5471
5717
1393
1118
9353
8037
1826
1537
9989
7929
1966
5812
2818
2991
7952
6238
6410
6051
7445
5014
5216
3063
9082
1819
9448
1457
5923
5805
9634
9600
9038
4819
9058
9957
1275
9917
7978
2220
5300
9321
3111
2789
5207
6209
8808
3451
1822
9742
8661
8502
3366
1181
3561
6211
6048
7183
2016
2314
7331
5862
2371
8950
4563
2544
5423
8450
5088
4335
8037
9428
3623
3043
4257
4801
8498
3851
6594
5654
5035
3390
7593
3062
1781
5825
7779
9166
1592
4369
3873
9391
9918
1216
9832
1476
1964
5729
2743
5640
6982
2284
9977
3845
1964
4859
2943
1633
1910
9010
7865
6314
3721
6433
9221
5356
1083
7510
7183
1846
9877
7928
7350
1869
4490
2127
7437
8876
4577
5363
8364
1567
6342
2800
2702
2371
7835
3465
9018
7452
4049
1859
1889
6596
4699
8507
4127
1771
4139
3477
8257
2018
2775
9679
4564
6202
4221
9236
3491
1823
2094
8974
2755
6208
9424
9811
7170
3768
8480
1519
6622
2148
5760
6342
9690
4603
1036
6796
5249
4462
5346
2288
3837
9352
3286
7541
9184
9889
8114
8645
4791
9806
1816
1102
9863
8516
1533
3521
6315
5748
9324
9776
7610
9157
6513
6771
8126
4795
9513
1170
4943
3260
9225
2857
8194
6923
6221
6346
7969
3033
7955
8019
8146
4154
3958
2358
7748
9295
2225
6917
2588
7866
3943
1185
4457
8764
2984
6131
4074
4130
6376
5365
9718
3829
8812
2488
5026
5072
6379
2052
3966
7413
5651
4313
2575
3442
9047
3498
6593
1449
6236
5064
5871
4728
1716
3114
1966
3745
3250
2034
8679
9196
9020
7867
2877
3121
9717
2696
8495
5733
7538
2631
4469
2054
8035
4745
9338
4671
3241
8927
8229
3964
2034
6183
2402
8812
9057
5331
4912
2160
5264
9634
6307
1363
4864
5465
7110
5788
8602
4650
1186
9840
7223
8852
1343
4495
9558
8189
4516
4890
5125
9613
9154
1584
4807
1826
9018
7974
4285
9190
6442
9268
2055
4289
1607
6278
7224
9796
3011
4741
2106
8825
4853
1358
4003
3695
2383
9051
7122
2719
1211
7751
5213
4348
4063
7966
1756
3637
5750
1958
8882
1857
7120
2882
3386
2906
6759
2444
6284
2735
5521
9269
4518
7240
3261
2862
6903
5972
9551
4142
1322
6991
6490
2151
8403
1495
1471
7918
3022
7312
9276
7928
9589
7786
5850
4617
5165
8308
7554
7921
1648
3638
6919
6860
4627
3952
7106
7977
6711
4901
7798
2040
4860
2475
4182
3467
1204
1790
4279
3707
1767
9178
9103
8806
1890
5259
9771
4537
9576
7268
7166
1048
5306
4733
5339
1445
7226
6421
5928
9911
1800
5790
4791
4828
3994
1164
6440
9679
8686
3485
9589
6421
3380
7053
3016
4713
3542
4937
4305
9860
3340
5364
6810
9562
3058
7257
1500
1320
6510
7478
6975
5036
5649
5893
7114
2925
6108
5963
4101
7920
2512
5370
7506
2361
6823
1474
6366
9795
4458
4793
5239
6456
1812
1422
4294
2391
6414
8231
8785
7618
4361
8542
1617
9070
7654
4828
7443
9091
1542
6284
3542
3143
3861
8398
1067
1490
1848
3961
5462
6626
8049
7569
3554
1689
2582
6244
6204
9303
3351
4845
4830
2336
2831
6686
6027
6873
3036
9764
2664
1916
8876
7332
7278
4733
7629
1704
5821
9899
4141
7964
8169
8318
4985
7921
1774
4537
2743
9280
7060
6049
8453
6771
2457
4679
3539
1132
4148
7750
3359
1231
2054
4407
9856
2816
9566
5919
9043
8405
1571
7004
1781
8690
9559
6031
3967
3004
7429
1946
2325
4875
7145
9584
5863
7648
1367
4322
3302
6373
7594
9917
6973
2204
2329
8603
2704
7189
5582
6787
3729
7428
9783
6996
7985
7960
3553
4502
7533
4090
7948
3572
5376
5612
3941
6926
5979
7157
8067
6437
3947
6787
1161
6846
9606
1503
4544
3900
8263
5549
3956
7151
8077
3074
7795
7435
6256
9620
4036
4068
9089
7503
7401
9963
3171
7498
5214
3821
4782
3116
7051
6204
9182
8679
2351
4476
2762
6713
9539
2571
4449
5804
1677
2554
5031
9984
2004
6435
6314
3950
8221
3066
7840
3924
7044
2601
7873
1508
3131
1667
6711
3370
7989
3880
2379
1071
4885
5173
2610
8092
6098
8172
4010
3652
9654
2929
9943
7254
7818
8453
6889
6786
4310
1720
4043
2962
9406
8838
1597
7699
2961
2413
1828
7520
8002
3895
9173
9707
1995
8206
6523
3034
5422
3749
4910
2391
3227
2965
2151
8125
9130
1500
8318
1714
1444
6659
3775
4494
5657
4298
5673
8035
9913
8906
6146
1792
4169
5639
9850
8481
3446
7354
5124
1604
3505
6426
1790
2550
7535
1513
9166
4543
6200
9916
5931
6693
9446
8308
7841
3637
3769
4702
4499
3619
2557
9321
8391
7762
5706
8340
1553
3702
7668
8337
2366
1592
7241
7382
9825
9605
2078
6493
2983
5914
2944
2986
2255
6029
3926
2073
2090
7103
3826
2156
8715
2801
3720
4322
2425
6903
1075
2484
6357
5550
4545
4792
4762
2834
7548
8511
6123
2075
6761
4900
9479
4479
7469
3628
8025
6701
8910
4469
2114
1865
2291
3057
8581
4193
5848
1778
3397
7749
7378
3173
2706
2810
4373
4658
4934
2148
4261
9384
5422
5916
6068
9341
5416
8079
2659
3330
3611
2585
6779
1886
5639
6328
5238
5269
7996
4721
8844
3923
7003
3930
1321
6887
6652
5211
2629
2307
9731
9976
5910
9905
6023
2337
6573
4526
6678
5209
1371
1719
8997
6527
6373
5193
7073
9228
3717
7422
2874
1337
8029
8320
2234
6139
7830
9599
5384
6868
7818
6082
2971
5768
1261
4755
9110
4427
9295
7216
7269
9672
3895
2156
8583
3274
3540
6558
7699
8462
8530
4494
5050
3924
7984
1590
9334
5747
4286
5220
6812
9951
1340
5925
4623
1212
7997
9256
4424
9356
6738
3037
3764
5792
6545
1885
7174
7008
4766
3020
8656
1812
9959
8445
5060
4207
7402
7747
9721
2615
6906
1807
9041
7234
2627
3274
3376
2372
1070
1583
8246
4365
7059
2849
9852
8650
2075
5957
8024
6672
5086
7559
7304
5408
2739
3991
2651
8979
8846
7497
3717
8049
9070
1962
9642
7336
4497
1423
5823
3415
6851
9902
4299
9209
7241
5024
1031
7412
5142
7194
8413
5099
5538
8948
7082
2799
4356
1074
9426
4384
2864
1697
1508
5002
9867
9640
6286
5367
1776
5250
8479
7588
2924
5913
2406
3889
8008
2315
8202
5595
5418
7468
2177
9339
1278
6892
3483
1629
8236
3043
4793
5588
6419
2059
9497
6490
9546
8401
5264
4283
8384
6254
8479
2226
3210
6394
5982
7143
3707
4415
8403
8324
4747
3099
4346
7310
4344
6794
5791
5331
3808
4309
2079
2073
5624
9486
6130
6387
9479
5834
5924
4052
9325
2664
5054
8988
9527
6013
4386
1398
1292
3547
1629
4998
6204
6882
5008
7419
2677
3893
1003
7540
8819
9306
7038
3709
2726
3848
9063
7032
5807
8796
3511
5751
6011
2075
7817
9078
4691
6611
4653
9024
8846
2962
5937
9612
7691
4672
4400
3574
9157
3042
1762
1722
1748
6961
3121
2599
6576
8635
8762
5647
5807
6892
2131
3296
4880
7823
2423
5663
1694
6576
7809
7767
8999
2716
9489
1798
3347
7183
7467
5766
9213
5289
4629
4905
2586
6317
5801
9604
5266
6477
7993
1497
5407
3295
1803
9105
2079
3766
6812
3560
9207
6561
2047
4438
6111
9625
2737
1428
7751
6869
8859
2720
5183
9754
9955
1581
8257
4675
9224
3937
8011
7639
7798
6567
9786
5162
7152
8338
6617
5105
5377
9067
1970
2136
2471
2470
8525
9626
8715
8980
2302
8070
2370
4291
9189
8468
1688
4822
3823
9845
9795
4850
8970
8574
4905
7735
4252
1217
5276
1995
4442
4644
4320
8851
6912
7589
5775
9141
4487
4789
7823
6503
2559
3891
6231
2652
7549
6769
9390
6620
5903
8590
6013
3990
4419
5133
6884
8773
1056
4150
5802
8850
5452
1564
3368
3190
8968
8966
2748
3223
2046
5290
9579
9818
3298
1011
8075
9260
3639
8212
5029
2908
6721
7536
8440
7716
8037
5071
8810
3315
3395
7603
3368
9023
5288
6842
4796
7614
2507
3593
3286
4005
4069
9638
3115
5571
2190
5231
8418
3320
4618
4154
3049
4716
7738
6455
7452
4562
7870
1834
6355
2392
1079
2133
4680
1019
9731
9213
1903
6237
9577
7832
4963
1791
1886
9264
5695
4850
8846
6309
3444
9099
4604
9313
9409
9427
5581
3262
6865
4570
3836
9595
9905
8515
2615
7411
5720
4028
8330
2520
9042
6043
3725
8066
6241
7935
3240
3375
2045
2091
6533
6050
3596
8844
2711
1057
5269
2995
2904
8390
6296
1216
2890
8727
9572
3291
5369
5641
9360
2503
3643
6151
4341
7577
1165
9531
7698
7928
6277
3763
2127
6954
8315
9153
6467
8794
7497
6907
9150
6539
1513
1158
7465
5411
3691
5862
6588
9523
7219
7188
5098
8974
2145
3382
6499
9850
6127
5563
8716
7079
5255
2586
5730
1716
5881
1525
2290
7983
9692
4870
2517
4145
8030
5865
2405
9263
2929
8477
8376
3415
9404
3392
8171
9752
1148
8239
6778
7272
6248
9456
1901
2014
3357
9468
9432
5803
7207
7985
8407
7749
5640
9221
7590
4175
1561
9244
8222
1851
2317
2208
3456
8254
3531
9227
6091
6422
8280
9879
9428
8863
8276
7251
3861
3651
3772
1629
9111
2911
8141
7523
1252
3316
9042
4273
2306
6705
5227
1321
2477
5964
5454
2164
1626
7976
4006
2978
2562
9839
1553
5181
8976
5812
6712
2637
5622
9815
6600
1496
4228
3733
8792
1716
7266
6662
2907
8656
9153
1622
4155
3173
9815
6757
4599
8139
2525
7117
4748
2366
2553
8479
6392
6967
2830
7036
4916
9907
7836
2494
1514
2777
5536
5673
2626
2272
1826
1255
7985
3954
5359
2903
4509
5286
8206
9162
1687
9755
6209
5970
3627
6359
3750
4401
3470
5448
4338
5321
5393
3763
6124
5660
2175
5874
6076
2000
4087
9432
6348
1218
1039
2360
4363
8063
6375
3591
1110
9755
3179
1498
2902
6279
1517
7417
8023
4483
1583
1949
6301
9775
9665
1114
3423
1200
4530
7709
3704
9913
4519
5121
3040
5971
5863
4150
6357
6954
4030
4091
5375
5997
3578
9861
8996
2269
5854
7749
4792
9033
5965
9144
9191
5794
5177
2613
8558
8471
3285
9179
6744
3102
2946
4812
8932
5146
4761
7444
6448
3799
4894
8486
7556
8592
9688
4547
3208
8411
9045
2461
3975
4375
7203
6014
4149
1547
5614
2448
1393
6336
8080
6680
8449
5035
7512
4147
4763
3878
1898
2618
4107
1106
2910
6690
8263
4022
3920
8921
6133
2736
7711
8731
2800
2711
9458
4539
5158
9194
2340
9567
4236
4256
8426
9305
6955
5160
5649
6222
1244
4710
7410
8575
4139
7895
9911
5512
5942
5350
6874
3325
9692
5514
1423
6730
3604
5213
1527
3226
6276
9506
3899
3318
8878
2266
8089
2320
9724
7558
6221
4802
7839
9091
9920
8139
9370
8942
5397
5374
6086
8575
2703
9662
8478
7751
1915
6945
9483
7038
9566
5769
9828
1958
2695
3321
3902
6626
6585
3952
1233
4565
6140
2426
7880
4337
7628
1211
8135
6195
7628
3654
6522
6314
5593
2647
8777
8657
2722
8930
3707
5613
5719
7548
3019
9312
6126
4077
9823
9522
2076
9682
7249
8331
1394
1250
5411
1060
4912
3672
4965
5162
5612
1943
8475
7118
2449
8835
1241
8128
4355
2001
6360
7132
2248
8926
1784
6488
2376
8982
1701
9834
7701
7504
4845
2763
7495
6170
9915
6312
4976
1799
8991
2614
9974
2352
1621
9976
7087
1976
5643
2227
2960
8978
1165
4865
9002
5273
3932
3449
8524
3243
3903
1458
4134
5336
3597
3415
7478
6183
6751
3905
6994
4645
9594
9640
7337
9951
3095
6084
5770
1002
5893
2260
4395
1403
5091
4665
8508
2949
8320
7882
7773
8241
5388
1191
6299
3191
9053
8691
4593
8639
5304
5318
7992
3226
7849
8603
4850
6165
4651
1890
3761
8487
8682
1633
5732
7442
6448
6345
2541
9311
8868
2381
1640
1464
3436
7402
6905
6765
2486
1200
9408
1947
9864
8481
5736
7621
6618
2054
1901
1236
9663
4484
4031
8991
1170
1892
2037
2987
7682
4500
8967
9137
9679
9542
3433
8535
9576
2017
6546
7049
8837
8326
5310
1671
5485
7555
3713
9785
6808
4077
8534
9120
9669
6588
5273
3174
3466
1647
1283
4008
3345
8921
7943
8235
3173
6962
4326
6141
4266
9273
6456
9159
2952
1265
8466
5440
4363
9651
9577
7585
2197
5385
6529
3994
1004
8505
3498
6075
9214
9638
6984
7492
7183
7164
9917
5250
6387
8764
3859
5350
6339
7294
4909
7757
2231
2060
5254
1576
9071
2183
5204
4487
8366
4681
4531
8304
7291
3655
2025
5943
2500
1631
1014
5486
1495
5389
7454
6153
2624
5848
7755
2554
1618
9442
5563
1722
8543
5958
3479
4641
3925
9040
4690
9171
3165
8082
6274
4025
2162
9940
1719
2499
1071
3985
4434
2414
1053
3874
3611
4299
4012
4584
3728
6864
3291
2486
2670
9611
7183
3227
9527
1280
7751
5946
4723
7113
2775
6978
4291
2250
3208
5865
3058
7351
2306
4851
1552
2167
8632
4923
7479
4449
6375
4334
8707
9239
3490
9937
1055
6677
1166
7687
1981
1102
2935
8781
6633
3659
5374
1857
4716
1590
5096
4688
4053
1290
4020
8494
6927
7485
5411
9960
9159
3749
7065
8950
9014
2590
9793
8040
8919
8506
8474
5670
5576
4445
3418
8694
3692
3737
7388
8379
6170
4145
8264
2609
2618
5492
7102
5792
7395
2136
2565
9110
2334
6522
5631
8291
9621
4460
8091
2558
9049
2535
6987
9700
3871
9828
8863
4515
8590
5240
6031
9812
2811
4128
8696
7128
3899
9631
7151
6888
9479
9209
2278
4526
1423
1081
6936
5008
4408
9535
3667
5732
6770
3891
7731
4125
2719
8122
4030
1514
5245
8831
8862
2445
4183
6866
3747
3026
3296
3672
4976
5407
9924
7121
2630
7408
2626
6564
4114
7616
1988
8957
5454
6608
9413
5428
7862
4686
5203
3362
3486
1386
2867
9928
7837
4983
1943
4129
2882
1562
5708
3799
4607
7115
3072
4305
1598
9368
4007
5435
8611
1937
4187
4703
3142
1598
9432
6071
2970
9239
5700
3020
9933
5671
2784
2734
8076
8155
9061
5688
8226
8069
3630
3958
3487
1220
7873
1817
7549
8880
7943
1039
5760
1279
8077
9084
3890
2287
8977
3516
2231
4911
1271
4206
7087
5047
9424
3620
2998
1087
1942
5944
6419
8041
6447
7714
7227
4300
6422
3659
8664
6265
5281
7884
7916
2184
6325
7773
8071
8737
2463
5557
2285
1191
8708
7704
8831
8095
5228
9954
2396
6877
9913
1641
9256
7803
1336
8129
5852
3666
3874
3664
8532
5904
6853
5215
7866
5768
2180
5161
6643
1397
2366
7721
1548
2577
5701
2714
3694
4834
3483
3059
8147
2455
7208
9070
5519
8637
1538
5932
7694
8452
5146
3517
1480
6866
9372
9132
2818
5174
4546
1381
9198
5702
1263
9743
7037
7145
8295
2409
4253
4348
3065
6586
5077
9083
6373
3574
2729
4678
1214
9017
8835
1404
6478
4366
2771
8778
2631
8377
2441
9113
4141
6569
8032
8720
4344
6628
1583
8474
9533
7524
6409
3458
1002
1852
9076
1558
7183
6492
8927
3940
6164
3874
5860
6392
4134
1807
1988
4696
6605
3007
9631
2177
8720
5502
6573
7631
3210
8236
3941
1814
8012
3140
1527
9232
1994
4527
8680
9373
2649
4621
1974
6875
1822
5194
3124
1943
3865
1731
2420
9640
7436
7099
3533
5287
4349
3263
3137
2969
2549
6879
7934
8055
2086
4901
5508
3653
7804
8933
1299
8622
1469
3784
1759
4780
1071
9723
5880
8469
3567
8055
2537
8237
5792
5919
2937
8228
8000
4333
2896
6475
8847
6710
8167
6685
9435
1439
7788
4957
2911
3176
9703
9559
1616
6667
4162
2375
1142
3819
7849
8453
2414
4274
7206
5134
8029
2269
7674
9780
2330
8422
3738
6362
7503
4519
1322
1596
6720
3219
2934
4780
4081
2844
5157
5478
9751
8021
4443
7670
9226
1073
9589
1885
3817
5076
3393
3252
2011
4639
6798
5255
9199
2670
4250
6143
1907
5662
7807
7413
2759
8664
1974
4888
8015
1938
3325
8383
7761
7448
1435
7116
1752
8059
3763
3473
7921
1624
6156
9495
9019
5573
4878
8143
6290
7002
1126
4860
5472
9599
2275
9977
7741
3175
5076
3042
3907
7266
9382
3439
7574
9169
3230
8697
6470
4418
3074
9920
6515
5027
1383
4409
1956
3100
4831
1359
1713
5654
2959
8155
3765
6672
7847
8238
3718
7995
2505
9139
9065
8516
2504
4526
2869
9160
5284
9751
9270
7768
2325
7100
5193
8092
2931
7354
9914
1865
8167
8634
1509
4272
2669
5686
1320
4635
2555
9084
6575
4092
6472
3935
3758
6369
2596
8974
2545
1030
5126
4992
7951
1946
5855
1556
2281
2282
2846
4543
9372
5458
8320
2475
3454
2747
6812
9427
1900
8098
8413
2322
3340
7092
3797
4843
6842
6654
4926
5809
5323
1571
7059
8648
3471
5501
7360
4676
5446
7025
3424
3364
6427
9088
8260
8743
8188
8503
4208
3426
2646
4882
8813
5584
6490
2273
2844
7493
1600
7717
9327
1056
9267
4224
7475
8915
2938
8850
4806
3776
5577
9868
9231
7919
8857
4532
3636
2485
4821
2067
1843
7687
8109
9974
5271
4993
8375
5245
5077
1247
9649
8100
9515
5493
6662
8362
6084
3117
2041
1591
8363
3203
6297
3844
2601
1256
3247
8726
7498
8682
3127
4307
9053
5494
4119
5358
8543
4547
5356
3051
4805
5745
9126
3484
7189
4306
1148
6055
7520
3161
8975
8662
5271
6803
9984
6199
7986
8839
1683
7272
8862
7869
3455
2544
4127
6176
5779
7906
7478
6475
9635
4958
3150
1858
3048
2244
1375
7259
5769
2786
1528
8695
3386
8767
9472
3698
1186
3441
7303
4897
1507
7259
3053
5002
6033
4859
2052
9776
1213
3137
1046
5030
3370
8259
4410
2051
6307
5182
5015
1158
7392
5358
6316
2840
1660
1757
7778
5594
3139
2379
6783
6670
4614
7259
5437
4239
1887
8603
8043
8538
3253
9028
4492
6332
1001
1213
5469
7544
7470
8305
6095
3332
1171
1506
4801
7024
2721
8750
1898
8029
