6868 5
34225
21253
49709
84294
55917
86949
57102
62880
55985
63012
27220
34993
71190
77271
31455
99009
26141
93276
46066
76099
49216
40691
18329
12777
73694
23793
40021
76489
61998
26398
25438
37472
86449
68902
10004
55882
68715
64384
60137
13781
80707
81429
36551
10737
76688
77335
49917
67344
67039
37228
84408
31093
33760
94420
54517
80668
84202
69921
16015
80453
21986
14270
26406
77775
96043
51669
27858
49196
28646
94155
34360
63775
88493
60469
86777
46689
81347
43324
83522
84355
23066
28905
64189
85472
48178
11851
92667
93417
90643
55505
15467
72756
47643
21372
91014
14959
15855
62884
89108
90892
12534
42659
40698
27863
90788
44227
14446
82549
63063
81034
12667
37787
97769
85936
85659
97826
89623
72509
33258
86909
23375
30717
12933
35456
38622
19983
86051
50007
42264
75693
15571
26363
84540
71851
77651
43283
56410
67338
20134
91516
27117
92944
84603
76260
40910
57609
68534
89036
68941
17861
52164
15174
69424
94155
33894
75385
30735
74606
90753
60081
75713
54025
79252
99520
60549
37150
51963
63734
80078
54847
76537
78334
46732
51244
14154
59976
44215
69456
90745
65229
64071
57392
20104
20793
13459
34934
71598
44239
19714
37533
44568
47216
59140
19755
64177
87337
34792
33528
31688
71530
19658
44834
46686
20490
95405
52586
61933
93849
79784
61856
56735
53470
92757
82355
20825
58081
58898
54726
46049
62580
37558
89273
72757
17573
57337
21026
15464
42180
74040
15212
69503
34494
91906
94396
98741
24284
19873
77916
54281
93404
86127
34056
34077
80833
22325
17322
31506
51622
89008
90173
72569
86865
60397
58101
52501
77272
16134
66938
10981
25043
76720
13568
22539
72049
98596
98698
52708
32084
94095
98715
67041
92798
36285
60668
65635
25265
74424
36949
62077
84070
37678
87125
60641
21501
43709
50036
38717
27995
77845
63136
41499
84319
16995
95169
54335
73675
34572
32445
27198
26108
99322
34361
77485
62189
63979
89709
94944
67998
87383
72223
93525
18011
17911
21640
38281
32356
71501
54120
33721
82759
15908
29117
11101
93233
71347
99025
22137
23077
97001
95796
84446
40149
24319
55353
56679
91492
92102
28473
53110
89645
91067
45703
54741
87689
53502
41035
14919
48927
54423
66967
87406
49935
83850
76276
79746
71857
11197
88635
84020
48543
32404
31686
24678
77733
79995
92253
86401
16033
66361
20463
90160
33652
39509
33528
36037
18875
76551
67439
64572
53042
87298
95521
31531
88167
79436
96812
15079
44296
11529
56837
67413
95549
93569
78898
67857
52903
68738
76724
99893
55727
92047
46950
74741
32750
13865
58722
92296
61251
29442
29353
46669
93108
48118
37041
30947
59799
20693
35572
18797
54922
67306
46632
53803
99490
24000
76307
56328
65638
25383
62867
17129
35163
55742
92286
94044
39945
62436
43396
88056
28548
24651
29949
10751
60871
65099
96664
38069
21828
76313
32351
84638
60394
65257
71143
28051
56184
56205
48864
64193
95407
87928
82938
54822
68693
14399
39997
64428
43713
20981
76807
84904
49094
64138
51008
75249
30762
73970
35534
80948
48305
94231
81140
19216
94614
87012
56381
45459
39281
86666
28183
65642
22383
50665
96040
86365
24852
72888
45578
83796
63829
75999
68931
45825
85111
82370
81033
39530
53316
95573
18921
20069
24649
81606
44029
48889
27028
27566
71075
82503
73581
14969
21033
31127
84052
31261
54000
32992
63895
51170
90219
21509
70340
11016
12763
24985
36464
47324
11420
44858
40829
88561
74205
41712
23135
42720
57660
80074
70560
72575
96482
91477
48413
98785
35280
21300
88965
33121
73790
12974
47991
23664
81563
53059
72185
33675
32021
53799
59087
61822
51132
68697
77924
19485
54327
41613
69676
17028
41217
45804
25539
42820
75003
27920
10975
57729
85342
61136
76837
32020
49199
31321
18470
94942
44795
11236
94128
32943
45810
98074
73519
31658
63370
63579
47474
18825
16013
99840
28457
82117
67643
29109
18252
34776
68948
63246
72702
31690
60339
18514
17385
12269
64749
46036
14377
75461
26753
16627
59495
82122
81189
12706
62683
79985
18290
95687
82595
49514
17534
25154
97410
52381
86084
27907
46698
70013
56420
49826
61926
36736
86680
94323
58999
56518
51682
64529
52862
17960
31394
72868
50928
80644
18258
35375
89787
53837
30423
94619
12048
65284
45148
48744
93175
11290
15558
27116
57835
51423
36226
48061
80170
92137
11257
91635
77361
43070
71763
69397
51033
15476
94772
35524
88783
95045
38473
80221
39217
59148
88571
92184
87947
17108
75754
60341
70267
88332
60275
35984
34745
31062
66074
27136
22964
61114
38322
88401
85292
43928
39429
93103
32810
29359
52703
61177
93273
25349
56942
57799
88663
91197
50248
35902
32102
57063
30851
41210
50113
44317
38981
25523
42625
62408
78244
54654
85842
13051
89719
28236
66396
68248
91225
66134
97165
78115
18998
85537
76017
83608
85213
56037
40438
39827
63906
78834
86836
30092
27343
64636
40977
48470
28770
22356
52654
11450
11882
94590
96954
53587
30473
90218
69838
89163
74572
37121
20281
20494
60817
19443
18930
29551
53820
94426
37804
77946
90314
77147
53116
98200
16792
63722
24766
96003
88669
47765
54577
21307
75376
51924
97899
74343
16764
81093
85068
45504
35836
99987
27486
23207
78128
88260
45432
54473
46703
15110
35593
87377
84843
78780
32972
59154
60105
53968
23355
33010
46581
71741
50014
37525
10974
78435
31389
46859
96955
29589
81131
26508
69654
16490
35839
79258
64454
24996
66974
55843
46320
96208
56770
82449
38239
48896
27796
18694
69035
84670
78036
59538
19067
25308
57056
71572
97273
40375
69354
40044
87388
20368
83537
37794
38969
34383
14526
31998
97884
38834
44668
24950
47663
26716
33621
34671
80555
33920
39091
13635
74255
87447
62252
37514
25835
66582
61347
43820
75901
70780
12806
64116
49771
18597
51408
30589
65394
38770
54040
34872
70682
32451
16838
38488
84494
24210
89540
48428
86441
81136
78567
86804
23404
46175
70666
34416
53452
37496
24191
52062
45259
38011
78024
83484
56455
19070
79515
84337
68592
16401
99265
77097
64368
11155
72686
26640
51230
38026
98643
32422
98105
17592
88250
84408
17523
18261
16971
81482
15290
13978
84400
99382
92031
38162
21983
40811
62155
18337
93872
23013
58352
11542
74714
58860
72508
45987
68543
88515
83052
70898
72298
41419
18648
26954
14826
30534
51542
37377
19301
37011
85893
14456
64647
16139
53786
95188
43676
69907
13431
51343
87118
95300
47779
50610
43377
18400
73542
36265
95635
56722
91384
82135
35593
51919
11249
56270
43020
82561
32970
13659
35155
45638
92299
13178
53880
46570
15463
98926
43329
79346
76001
32688
57427
43215
36945
68086
48677
80749
74332
18489
91662
26309
97989
64132
63992
98817
55796
50488
78236
31643
44546
39970
42270
65011
97159
54564
12021
65715
43745
62826
71121
67086
29894
20196
74701
40140
32230
69174
17268
20549
79862
85498
82440
80813
70649
67340
61501
37590
40561
66732
40219
90702
68277
69906
22683
44870
49483
13626
49537
86540
18684
41289
75634
98580
57041
90159
71876
94433
40963
61484
78681
62051
21521
88266
49683
28582
36599
57187
63259
46848
93575
25346
76839
48643
47161
21608
29033
20716
66875
46279
15399
45407
78369
91743
67989
29701
93421
86091
24534
29477
95292
55740
43054
46579
86847
50936
42441
20925
89588
30880
47628
67829
47155
35815
81989
19247
29976
18844
11922
13056
20246
82885
49272
34529
37464
56536
73843
22263
53900
61161
46270
36968
74582
23405
86222
78761
77234
88701
33398
40340
94197
20122
32053
24501
65808
81416
69724
99840
68183
31782
89824
90562
96373
49830
42916
56830
40403
84713
96701
87458
67942
77243
97807
37894
66434
88589
54110
37711
52253
97117
65338
64275
34932
66372
44659
34739
18601
46498
86171
67864
96937
66104
42977
43554
11495
96729
37913
21442
98166
74806
70683
58426
23827
52588
19873
34358
97369
50042
32020
75276
52538
51130
64928
86873
42073
55217
42539
99030
64187
47263
81042
58247
40045
65078
76721
52433
27441
91633
41203
28257
94347
92202
72356
80751
21755
78122
26333
78584
60835
19542
36953
76434
19631
13526
79516
36280
24214
68865
57121
99010
97255
56701
44026
63583
23443
36747
46657
47459
16436
50531
34992
55244
20307
65173
58560
47478
55302
82860
69743
41582
17227
89463
57275
50127
48092
85479
62167
16032
61891
23282
39242
56649
89598
47804
55622
98340
45936
35678
84213
47207
31728
56286
94466
22784
76447
92290
26012
39998
15708
52752
42054
95571
85134
11368
26813
40480
84558
78979
82269
81940
49841
33812
18595
58606
27145
27124
21240
28504
33682
73502
76905
45278
15290
58623
85433
23577
60996
32907
29324
50828
43134
45043
55818
91598
66863
69707
25690
67554
39864
17335
39561
96947
18725
78095
26586
60915
50891
55087
52259
35471
31863
67694
49636
27111
26252
70539
33628
66255
15922
53893
67152
84691
68887
28840
23671
20633
81779
85652
77915
40643
52938
10455
24072
60725
75829
55918
32957
55678
66331
67082
10880
60686
86033
76443
83873
18154
29646
25482
45298
40580
61604
95223
12571
52455
23812
13297
32869
94149
81877
60077
15017
90103
93999
86542
85971
72337
83862
78823
61997
18695
67500
47135
69567
92066
57992
20648
27284
34122
35610
65589
23633
54295
76337
38471
20294
67734
28160
38293
58504
15299
85537
52318
31916
54854
34663
71997
56518
18810
50063
18270
92311
29652
39038
76632
94964
50514
38805
14604
83029
31171
14366
67652
75067
75169
64479
42667
91727
40259
34151
97158
57787
92670
50026
44902
35949
79981
46829
11144
29436
79007
46004
12203
78282
12303
90426
40473
42421
31864
36330
89510
87143
59134
46557
23818
81126
87970
69137
43388
94582
51616
67740
49616
73513
48993
75761
23873
34013
58688
67313
91587
47462
79714
27411
10391
40794
99790
72528
78759
57249
25185
77974
64158
55005
72243
42729
14119
12049
72574
15042
36077
93198
43393
36305
48091
61070
60102
94008
77250
43069
88435
50386
90119
45248
13340
13231
76655
12481
49105
53032
18348
86007
16711
32761
42864
74407
41423
72374
70456
18571
16457
30526
48860
44259
34249
15555
87257
68693
21578
63243
71225
63929
53183
32013
17543
81342
64922
27474
31100
70981
75610
78789
33215
73357
42358
47909
84528
99365
52447
70648
58910
77588
47359
22634
96885
58743
99763
50121
27446
16236
77046
68042
81309
60940
75677
47724
22689
41010
87770
54665
59450
32444
27510
21411
74276
18126
59754
24809
24530
53353
69436
41591
78813
78870
97485
38053
30564
20634
21260
69786
10538
47161
41676
67209
30647
22673
95024
88059
29707
50329
58874
42651
16180
82583
41891
36497
59751
59360
89251
65510
28790
89978
83943
68962
37475
34707
14061
96950
40891
87417
71411
53194
37244
40258
94704
51812
91908
97351
78642
20299
92775
42478
56025
36425
96095
63315
99684
98998
72651
96047
87066
59912
41874
92132
82385
58807
31530
62735
70505
20652
16278
34476
88646
51226
95703
95309
96050
47112
25605
72028
76443
22518
67947
92175
43630
81623
55514
55439
85247
83609
39004
16790
54352
77281
28638
46078
27332
80142
86160
67777
93492
29865
38947
39290
23055
16890
96110
85462
84269
25660
23106
63250
89062
68100
53375
66169
84028
24831
39769
20736
75569
66574
95377
69110
47744
73693
80354
14657
55658
25176
57444
76122
80600
47876
10020
95921
98283
12705
53019
19917
28153
43476
15598
72116
23525
88697
63354
72404
98737
88399
95600
51351
13955
11473
97437
80433
83773
78602
14516
33740
36738
16077
40580
35055
10496
98269
28816
87670
86005
96191
53537
26273
43144
44990
28018
86673
80324
88766
83264
40085
67552
11814
90278
87055
53874
83644
78041
73646
42597
89813
65242
62497
47510
83526
58102
42634
74370
93151
57607
55598
47387
41538
47800
95292
46363
98607
15077
18545
23128
75791
57129
66712
38892
98353
30521
37885
24521
94731
55406
56776
40755
96628
11859
24677
34622
81738
57183
44588
54328
73607
38633
88435
74853
47236
21851
18565
11540
75352
48934
90441
38752
72038
60822
18418
41927
32570
24125
63921
33470
73436
94497
50344
89219
21557
90090
50964
23377
31802
46468
46083
82347
89770
53810
89209
66188
16085
46482
61412
48156
45662
75661
18373
47861
81536
79927
48663
95393
85569
24742
96133
57932
28940
78025
67723
72534
47625
19457
50188
66552
97343
77978
81676
57659
71040
36724
63802
72571
65339
85997
73022
50002
88817
92354
95512
34742
92024
29906
56156
39561
63244
77366
37660
47897
45777
14035
13534
90289
59720
94348
55899
93410
98133
30628
85237
33406
79574
49121
18103
71997
13571
82501
14305
97548
58958
91825
69492
68624
76986
14853
60309
28917
68464
71916
42357
77074
72393
67315
25513
61274
28934
79177
12512
42301
58526
34507
52917
27468
75375
81482
67637
34730
58497
81381
44774
79337
66154
28187
74589
87338
22535
42485
34261
23104
87770
41544
31101
44528
49618
75000
37755
96811
62633
15507
30271
54893
95120
93001
24742
87476
95199
40025
83063
75041
66867
11660
86729
13855
85581
30040
71475
88797
80051
73561
94299
75597
77555
99726
75991
16998
48340
26603
59864
43785
97204
66150
26099
92368
93938
24153
96133
11519
52484
79272
77440
29212
87156
79766
28196
86857
77006
68499
23892
94225
63636
84110
69864
77367
69266
94099
23966
14899
30864
76316
80257
90545
41987
64023
42875
64000
64132
86106
73316
44278
48376
32184
26047
65916
94009
66147
43559
36342
36774
68951
24380
24151
19689
41087
41540
76045
15483
17863
52430
96183
22701
73134
31770
71621
15691
65600
82176
82280
58985
74561
94718
28102
76665
84635
70418
86015
58692
58337
90228
75943
40143
74667
13115
59734
50957
70767
67047
52812
33021
51700
25243
24505
50496
56896
51193
69967
81645
73924
67038
51940
75109
36024
82120
43832
21285
21329
94845
33934
87316
60626
73504
90790
60058
22845
92853
49627
98265
75369
94365
89906
94815
21944
58391
38375
88738
51549
26453
35361
64337
61387
93373
76804
19073
11067
16926
26998
19909
90127
83053
67097
99683
40185
55323
19187
93225
79674
16769
56677
98960
21832
22638
95648
17719
25054
43282
31334
50030
57932
43474
61706
41368
23938
88901
25668
55558
49499
78093
75966
85932
56004
55976
55238
93319
54618
28127
97286
82083
19498
57195
54606
65853
30802
70562
31651
72274
85814
70504
65691
18766
86674
51126
24549
16469
51669
20286
30060
86135
57508
87495
14467
83468
52706
29476
35719
39190
97109
94132
67824
22010
84086
41650
27497
99766
69228
33983
23602
89281
62123
91538
90875
58912
74013
53384
83609
93540
12567
88069
91423
63087
21223
21688
61506
31541
11685
52268
28821
77219
28230
57461
89552
65311
45194
28510
24396
74198
52401
55624
31628
19944
20119
22593
36698
78932
80492
53607
77560
53702
78179
66752
58859
25971
58680
35626
13929
49726
98849
69519
99409
49169
31206
61764
16035
47402
92152
36195
25550
48913
33999
39701
91188
72484
65104
86705
13030
15725
82240
71773
18635
31865
54637
95565
21034
41945
58190
92604
35996
36902
76136
80007
30328
36058
91567
76565
19671
32764
86070
13720
31377
96302
34964
57068
35755
85927
29509
45832
66609
80345
81116
46368
35089
84866
16061
92433
78398
20656
25222
50145
48495
25462
28010
90312
88927
12806
12104
52385
63501
21573
24185
98547
40807
21308
35802
15127
92287
36140
48633
26284
73553
63921
66421
52718
78428
30978
36543
80913
19461
17912
47206
56383
67853
14904
80183
40252
52104
50643
74498
88963
27767
21983
66615
45476
10436
78394
71088
53611
60985
12613
67201
10564
30962
46339
64602
65717
30606
26257
86331
32888
87454
56769
50727
92665
28891
12469
38659
44916
81948
23104
61531
22384
38554
57483
24236
26833
11962
26030
47972
11622
44576
86276
84922
84541
47678
86634
94699
96194
83541
98626
99065
33454
52249
58189
45795
97280
44324
86949
58717
86386
85757
75566
43479
41498
61240
41112
48075
20735
42144
64687
66142
46201
80537
17781
37304
48825
42915
41351
85404
94153
93157
79367
44605
88713
67384
34452
81266
16688
60594
94809
96775
40048
83436
50682
85098
10026
17849
62373
67673
30931
77523
65613
45963
99732
67020
35400
86854
44163
73814
61996
49471
31902
68547
71399
66826
22166
31874
84554
89238
41424
40888
21721
19173
43122
35883
42403
84335
34011
47779
11708
23332
44734
12096
65964
96769
83820
58965
99602
42380
91975
63296
55023
31123
12484
19970
13807
30275
58873
23979
98930
76723
12294
88510
75236
85475
52696
66407
37806
37605
53136
62914
98437
41235
21645
28195
27337
45227
19789
87370
30248
61405
98949
55089
15685
32723
75135
45968
37728
82526
35233
42796
54795
18295
11211
30955
90219
30066
88247
70090
65583
83840
40780
47999
66817
12460
84664
54390
90798
81424
48385
35030
63610
73474
34604
31676
78119
93385
68953
89866
79224
53158
32355
78155
48702
93498
76067
99560
92229
42645
81347
33084
88711
41164
90354
89639
60444
21398
47985
13429
55991
68880
61448
25515
68058
42350
15539
13158
53922
97629
77036
74153
94798
31748
46928
86495
28109
85682
91730
26812
61048
85300
64740
79000
79460
70345
21355
96188
73103
57489
31386
29973
53269
68106
51319
74557
10166
37936
16269
13211
24027
65508
23204
64708
89523
49336
36965
24841
56096
25314
46370
59671
91019
59851
11144
94633
98246
28578
64726
50315
57733
54345
14143
24753
48265
74706
72218
96024
56421
50775
98560
77121
97793
67457
93333
66641
31538
64124
31777
31233
10941
77194
96108
40920
57615
42854
54988
88488
55418
14309
14811
61031
18884
68654
29412
15981
80474
93612
80642
46552
12921
36751
64376
84228
39995
78669
74744
18000
81874
83810
60747
64188
15845
41784
11663
11746
24204
81574
77931
81942
94909
84158
72282
77803
69016
71900
66392
27404
99688
67803
17810
18787
28418
18536
64765
32508
80716
89041
58106
33890
91672
47132
44509
42665
32667
77003
66663
94282
91741
24299
65966
63256
40028
88592
27415
23646
67575
33505
34772
38982
70965
54842
44992
38798
10381
43840
36806
82903
92642
50796
88442
34814
41328
97272
61115
83306
99435
18912
29019
71085
43322
97710
92104
16029
70456
94689
86770
56326
77875
51033
84647
72088
75134
32967
84683
58913
57668
24156
91021
73539
79426
76808
44605
94392
61165
79795
92562
21587
70513
27310
74710
91126
26880
73161
55502
71792
12192
30566
69503
52605
64801
55017
85546
51109
70077
30319
18258
29388
93385
80588
86261
91590
63530
13044
22299
14932
79947
39213
57640
86061
85129
86576
32338
51463
57784
14069
47073
55276
50404
25065
79467
76050
95285
95331
57431
34528
41332
25537
97577
50647
60736
78268
45881
45580
31525
88258
43743
50903
56668
33779
29253
86338
34301
61546
86254
89011
59863
68476
18401
94336
44974
94502
10107
91401
57828
31762
23852
91820
58283
98559
20935
51727
96898
63039
63908
78096
20253
28432
90845
24081
76133
50147
79550
92428
41191
89730
88953
19379
25735
58101
12513
55898
44020
20512
55564
71371
72365
56575
18036
87233
95893
18022
44638
83829
86412
31090
39096
10829
37534
53486
53462
90015
30779
10096
52444
61194
59125
78245
96354
38577
81318
78627
39212
57531
50282
78593
28742
90161
74760
18067
29080
39973
79848
15372
92894
83940
67302
47214
33595
57251
85278
60320
67879
31171
34193
39798
80985
26727
54378
33972
83215
57011
44780
57868
96499
65374
15399
42594
94963
62692
15926
57425
64173
51900
92283
10970
78778
81889
87759
62966
68113
35266
51343
86136
94011
40887
47909
79504
19251
64495
85954
36701
71455
30036
15294
93887
27873
13879
83817
65093
96684
30038
18111
88990
12681
38421
10395
41102
65732
16650
11536
50466
77450
28776
39572
92735
44583
84003
28311
48972
85658
84169
51678
48649
41466
57099
48939
96157
93001
99725
12066
97158
40038
11745
19104
92338
78856
79754
65774
24247
40724
90995
81132
59889
17167
76878
17774
51908
79024
42456
94174
64623
54351
39799
17428
64422
29753
92200
26859
13374
12176
21219
11474
86307
43076
62756
20028
24478
78908
58417
10486
18763
61572
89981
73552
77475
20578
51014
81919
51728
29616
45480
14283
25396
74520
14514
59245
46033
16673
28561
51941
43865
53990
67721
56074
70823
11482
23114
87413
15566
45409
16326
78344
76677
83734
76183
98609
43170
98792
43917
84377
66365
76219
57921
67545
77832
15060
14998
71150
94175
28621
57486
93307
99504
93610
54686
68628
97189
64245
11040
46419
15438
87528
19938
37743
58325
34772
10640
42912
89370
62439
68566
96659
10933
98744
77229
64888
88536
45197
53412
10464
96850
77664
54077
23965
16254
33929
70281
37816
14338
35632
29523
11310
18252
53259
94047
64573
34144
58655
61885
44662
72294
71881
29815
13395
55603
18114
95954
20735
12663
73075
52288
58814
46800
25084
13849
89316
57924
72957
21226
75779
53717
33469
16670
37375
44596
48728
87029
31159
65375
53708
12154
21943
42968
42608
27351
13384
96496
20730
55849
97146
58180
84069
65116
15412
27793
57980
40059
55299
70644
52501
40008
78270
39296
88587
54425
73818
15035
25359
33788
87430
96656
94625
40747
61985
46572
20969
84222
21079
73784
55753
42689
95758
95712
89211
92722
71160
21373
33649
74796
78213
24356
91688
38507
53752
48398
24096
73889
34050
85794
27033
70812
34255
45589
81059
45488
66632
10448
21699
29465
25691
48322
25309
93498
98233
27884
18348
65321
55089
70607
50965
46896
60426
70084
10742
63527
32988
64200
76148
70122
92642
74643
99651
77342
60095
77741
90290
42436
83578
33211
12050
70187
82375
54005
29826
18537
10694
30492
44299
44632
77199
73471
75116
91595
14006
58428
82438
20316
47075
25422
59495
75379
71256
80171
84249
82188
18403
65388
49229
22207
31275
24289
59686
69740
91582
34651
48214
67421
26757
92955
18991
57181
72527
48459
24800
94678
76943
96304
65253
49175
40038
27869
52893
41694
29033
91879
88319
84954
58102
38330
85344
12423
34512
16258
77579
99901
53497
72159
66574
30433
91302
42186
20007
95204
36895
59844
18222
95887
17853
91648
50068
32311
71869
29666
49083
14394
19819
68917
14233
77169
84399
64275
52159
97345
20148
45490
84935
32147
93079
19254
45412
52652
33685
85774
14796
45163
68992
42581
22567
25887
95559
88221
33003
94067
77133
34985
90905
72229
65779
62584
27502
85879
49141
76288
81739
83512
67409
87867
66639
57881
91191
29213
50693
70339
22397
61556
82468
54179
37614
39016
98345
10430
58009
29765
87519
81765
61917
38856
44295
33009
96382
39909
86336
15056
24303
98204
60615
69816
19376
50558
20509
56393
25468
37585
49354
95017
12075
72116
79929
11775
87635
26809
98794
42705
73633
32614
20994
30881
96385
58330
24382
16669
22490
17565
29665
32421
12871
37869
64005
31694
80547
71539
72647
35038
11863
62909
50330
58281
32396
75753
55535
10754
21086
48773
97892
10960
40851
48820
73486
76272
44539
19718
53369
65969
34591
18986
86320
96002
35311
93071
89614
37697
37265
97894
64053
28937
87080
21049
23754
99494
80694
77816
79332
42624
94528
78889
72688
13585
55666
76568
96800
88971
27583
92461
71571
68145
15571
19345
68590
68292
66467
65064
82130
89453
94207
83740
29162
90553
47811
51715
37286
90654
40459
11740
79100
32856
85106
96808
40729
92781
69849
35307
17594
13088
73693
38843
25414
72729
20505
97784
51754
75484
28950
96166
36535
32532
40131
22742
58538
60985
57313
81847
71619
75861
93615
80162
69913
22942
27069
48732
59895
48794
44317
38327
87958
32206
64739
73785
17704
64867
66808
26202
11399
50397
70802
92228
19993
89640
93251
93473
92834
40738
84394
38252
84769
76374
58404
21205
33141
48670
28566
77872
97649
34010
43174
89423
34783
72194
46987
95518
91599
10852
68317
81822
73460
55099
80485
54059
13904
84046
84572
13783
69096
51920
19701
76278
13473
68221
30997
86032
47796
74918
76636
31246
40176
31528
59563
88422
18496
33669
63562
41948
69431
98816
33239
15040
45856
59253
76858
50117
83448
61224
23343
62823
37398
60116
25191
17368
70219
67248
24911
37446
13710
48939
29997
24318
94051
84494
67526
84879
28522
55982
95938
29095
47676
71171
90602
79553
29636
24717
93826
33035
42690
52747
71873
86220
63592
57008
53392
39246
93978
80237
46638
90005
50339
98112
14853
56007
94619
49500
90068
32713
28186
78754
86903
79993
79028
80831
91189
50638
46909
33368
89231
49968
96112
74699
41862
86584
55107
96151
22496
52994
83852
60434
54868
28307
69879
50091
81143
85525
35007
19750
49290
16439
52713
33811
82262
31968
87529
63909
47367
32545
97049
54768
71068
47062
45314
96643
57950
87661
54719
30304
49261
91275
20780
57562
85088
41188
24762
29412
41203
97625
87309
31278
54495
77941
75565
24319
59393
61765
72116
17224
58231
41575
70248
74811
12573
25079
76643
72775
80696
38370
76420
51443
33341
34017
92417
55513
36148
33376
87490
18257
86646
35550
10398
27623
81855
46916
29681
98497
59297
16991
98369
28105
47501
12540
73940
63783
44973
68315
93178
85808
26931
93774
64802
21664
59399
75993
93321
61290
18836
84212
76069
19229
85930
16256
98146
37772
30520
32052
23178
12245
49601
41535
80296
99291
65957
95872
83404
97127
24669
19268
55400
97606
62431
86487
29433
90247
77022
96090
86868
99656
11086
75426
39224
75276
90114
30608
38072
81308
64648
30385
57955
99675
46814
51890
94772
84633
28003
73615
71731
94986
60330
22239
14616
94504
80985
55848
44996
30898
92223
17797
32654
95632
59685
84172
21960
51789
35995
10112
76460
43753
95207
69245
48893
48524
29723
79873
76415
62554
21225
85127
52227
20069
39223
66992
89909
51188
22553
77310
97551
64999
10941
50481
84558
48202
75303
77756
82234
13583
85928
99042
46501
51667
70206
13936
39181
98725
68368
44951
21317
19949
69670
79018
96268
48248
44643
26552
76406
21553
85832
54941
37819
55226
56071
27884
24272
42618
94982
85053
32497
89460
45574
69667
92060
56451
57580
89950
55448
69019
96427
74676
54979
42480
77897
69707
82418
59607
94691
70366
72990
10100
16736
16948
47990
71169
79537
13609
41608
24430
67600
66239
47708
66248
56110
27668
91126
23786
78545
27066
93353
51998
16267
74510
79769
55021
78887
32440
19643
49504
65784
90577
91901
29698
30102
32104
67279
74305
38208
87568
39077
37280
51933
44845
61407
53346
60788
71663
87400
31430
24544
77673
28147
51512
91449
71550
49546
30304
39780
73446
17319
76206
44978
21637
18898
58910
78914
22752
66647
27281
82037
74079
76020
85070
97098
75021
84158
38365
20557
90630
63251
46706
32190
96596
51939
61855
77102
63132
30660
42547
45015
21464
63477
35936
98476
21734
41873
75681
15011
50485
28652
23075
30758
75002
35476
13987
98255
17716
81463
77549
87441
60022
82007
72770
73809
61363
97128
24512
87679
12558
80170
52530
62950
39290
10247
90621
50631
49513
48833
52527
13085
38612
87424
41296
89322
41066
53310
56635
38476
90501
35017
58794
50404
55379
54556
97352
70127
15087
78981
12076
55759
84849
97645
17300
90560
62874
38617
52787
29390
17320
92495
79622
26246
50485
81688
83343
29072
15252
65950
73221
46674
31477
49589
63711
37983
68727
77945
64602
18963
43904
58367
66962
99114
94613
28247
91425
92512
32669
35604
43279
22673
31681
64201
24863
19871
13165
38200
21226
34738
11449
42700
37872
50546
12671
95357
72140
86277
27951
26979
39403
19753
21090
84484
15631
73869
40909
41455
56267
62705
44346
98818
31245
60215
48281
84604
51816
83975
59534
91805
62167
69029
53383
67117
51446
86599
17085
60276
51787
86502
51425
35850
63804
13721
75605
14841
55845
86868
96794
48807
40489
73234
11742
18462
66120
29432
30906
40631
71728
44536
29585
75971
88822
76302
92374
68137
15733
17014
34463
97776
68675
97815
88739
71745
48278
93639
24776
25139
88376
28674
11903
53573
43664
56028
87161
31545
85789
77675
68554
32937
90682
36228
85423
87311
80645
92098
77072
53758
28677
62263
17040
38924
16765
63492
73546
65668
28287
17566
80359
49175
95668
69386
63176
41778
96852
33407
68421
12900
29662
44872
18240
72292
35487
99635
54979
44844
75872
62206
76014
50295
37534
19270
26322
47934
16387
77033
72434
43328
93434
65225
60196
50603
49583
21271
31128
85753
67791
79352
78205
57090
90618
11000
98466
24215
53861
39021
35691
70148
43228
93287
74920
52959
60878
42477
33627
49229
15114
70485
88511
82392
74586
54359
21992
16108
94870
92952
90766
18162
96746
32711
94527
87860
83540
78312
31955
34943
89246
79393
41848
70410
95024
86454
25211
67097
33495
81221
31632
52533
21228
30716
49394
51561
18582
43195
95751
28472
75295
29447
52057
84143
88645
14575
38247
57988
49676
44616
77156
20966
67672
49206
98420
89019
33998
53577
72437
61970
56611
77625
63039
86371
23510
17566
23000
28085
14949
73925
71449
61134
38349
55107
69110
64740
24919
64955
52985
86457
83911
96346
55777
57549
82085
56069
60651
50493
27573
91570
64413
17126
86117
33648
61569
85514
84222
48855
38204
98905
16198
12881
76028
86325
82039
71017
15885
94407
67021
42440
86809
23432
67798
77718
19090
78631
24430
51757
14379
95982
50514
23873
21897
22231
56568
89986
69594
50297
98845
86475
82173
83294
10515
97358
62903
96390
63058
21450
40066
29610
46357
20140
98017
39635
86234
71333
99161
66867
28327
72164
84535
60416
39185
69237
59516
99880
18597
40159
76262
38023
10785
20330
16358
20919
21114
74219
53316
83419
52285
43556
31349
71227
77309
45516
24913
59362
89310
53806
52996
17711
70319
53495
15645
17689
69534
15412
50727
52859
14401
92327
90738
78719
70350
46772
25356
39218
31637
36139
38067
72511
75331
36573
87500
59953
93748
70062
86848
94800
75884
56187
30701
74326
86829
75204
66408
56571
47833
84144
61164
11933
21414
46622
89616
41848
36656
10587
65646
30652
16938
78583
68956
14838
68331
56300
42550
84934
46446
18342
94825
77456
19443
89956
89798
48707
29443
30572
44148
50392
72875
46545
93304
82196
75497
33849
26606
13148
13959
80726
25127
21129
79656
10608
47859
21559
21949
92953
92544
69449
63078
71431
83746
26316
13239
47366
69890
39713
89417
59357
15672
99997
69779
89256
36065
70748
99720
26874
42279
74690
46984
70310
52674
99173
77852
32802
55165
29646
89058
60956
65507
86600
66458
26834
12546
48685
70580
62409
26259
21640
33938
11301
30323
84342
73135
39089
36328
38622
61914
75003
36486
73132
97505
57849
51330
14969
79037
32731
59667
15329
38796
66431
67357
71061
61052
30103
97931
27165
43694
59765
36548
42161
45752
66069
42447
81206
87160
85598
69166
66419
34632
25206
74540
61993
13414
12323
30546
16861
15884
51744
83113
27052
60321
67239
45763
83776
78675
18450
77626
85959
15460
91399
21779
56133
72623
77690
67571
80858
15637
21924
12054
27478
15620
24657
15527
47451
86164
39630
70587
53764
71908
16033
51978
77713
61175
19036
90787
69182
10910
83532
12031
72558
42207
91824
79263
48848
18050
27214
30580
98742
56231
31445
31791
21802
17801
90580
45129
24410
52809
93349
47948
54964
75051
30112
54020
45031
64127
80654
90282
65325
34806
53440
52504
83090
35110
26456
25210
84839
22587
38405
78917
31147
34216
53243
93233
46416
31070
70018
30480
99082
70654
17456
24597
36338
36516
73749
15590
64527
64628
24721
93756
37781
20394
53248
91639
32011
33056
15911
46275
28231
16108
60690
93965
77113
78919
77745
91513
39525
82348
77729
91553
47954
14738
18028
59302
63240
13401
42431
63623
32463
32728
19179
73400
94431
83827
14492
82976
94191
81316
20673
53427
40526
91733
41607
48092
20549
91733
48369
70496
64464
28086
19956
71612
46722
94871
50517
15099
21278
13391
11915
87053
56963
12958
17671
58072
40659
95720
57710
12688
82454
12265
78449
11513
20030
54287
18013
26317
10438
95630
17528
16960
85631
57665
97841
43094
23149
75541
62348
80509
96312
97622
20466
16374
19096
56470
35221
97965
89408
77975
61658
71865
54375
95851
17268
69823
17639
43361
97996
13283
87259
19849
81674
66464
41328
96289
87121
70829
94548
12883
16057
27880
62191
55639
78404
19384
78653
36716
77847
23562
64133
94929
24542
56434
20099
88178
45936
83669
21091
26440
55487
30824
83456
75366
61851
23860
88838
25950
70004
20426
88811
52549
56878
64554
74664
43920
88642
99537
58590
71267
67343
80522
65784
37126
32224
44838
88507
69175
23855
56663
93825
10211
95646
59959
77261
14608
15618
92095
39237
64799
82762
68892
85233
53346
65423
43809
79172
76453
42343
27616
38361
42299
50631
33938
25958
59895
24053
71597
95387
98427
89437
62860
87820
85648
38782
38900
87708
25041
62082
53089
44851
73955
17838
65982
47920
19640
89887
15566
93834
33654
98000
63148
24374
60809
25372
19580
66041
85653
56684
10488
39974
80009
42791
58673
85207
64208
21504
64938
77389
39721
86048
53216
19319
30154
43306
49707
91927
26628
18315
64660
45872
72181
90758
98537
94665
54374
67621
69004
14617
87489
61819
31875
33913
26511
19340
10257
14631
56579
60523
59311
61102
92238
27108
26790
46526
38636
78358
15034
20573
78145
58723
56891
75449
81236
77672
24696
84524
23841
41870
85089
46806
86415
61228
97040
41147
63788
18963
59789
80538
48051
40701
44717
45498
48324
71507
18372
77577
62394
54572
25674
21702
79743
92749
57072
71717
43908
33371
96753
17326
33267
15777
28548
53007
98930
82598
74584
61946
99352
32747
82941
67128
49806
43865
67643
75068
50861
81768
54603
98552
62935
98796
98906
37971
63657
46957
63770
27228
99206
50972
79384
94841
56567
61704
48058
56143
41469
13013
78574
89787
51871
72702
12310
52278
68852
14969
70984
33848
58516
30567
90097
93914
27715
79117
35605
85219
15512
22636
75015
29564
65578
85371
27283
78041
45342
25430
25988
51409
36615
14534
58982
29507
55623
14533
50694
35603
56379
78159
38663
12607
13210
94989
30375
69368
19891
89975
54974
51819
66383
30222
21377
42392
44564
21076
81809
41444
48259
31114
35838
41957
44492
96538
10115
76872
55293
74107
80465
82148
56697
12453
75063
87520
27815
39150
21387
20363
28055
65692
98163
28082
26534
60618
28821
86772
31652
11203
60252
65310
16063
51976
53323
72317
47773
35180
99690
76409
86116
29580
70501
67251
87368
38922
43971
41822
59135
87232
78778
78797
59648
55064
95421
54805
69202
67672
57113
80492
77574
70809
31010
64710
58680
23374
35233
18240
69317
27409
48285
44272
13713
53476
83756
14149
62589
80756
17682
67408
63367
42623
99098
56078
58029
29595
48732
19653
60417
96520
58190
32453
23850
94241
92203
75711
97473
22071
90900
77503
12733
54904
43689
91739
71210
76863
20476
77619
47694
77368
16400
93607
32750
89465
11271
38378
18347
57948
91596
55621
41842
69789
56637
82591
31282
20321
35837
86007
11221
25123
56171
62301
77424
64762
60458
91923
43358
72840
12769
38229
77836
20853
19198
62108
96695
46736
48841
46803
39093
18908
38963
42811
90158
72075
42339
52624
34323
76079
35822
32603
95523
84415
16193
65282
93404
38521
75710
21451
53573
39140
15428
86700
49732
46276
51416
28635
45575
12416
31977
62493
89774
93044
53607
48653
48432
75128
89040
15242
28147
29914
10147
49020
10275
88092
38820
58747
96758
22971
24954
52593
46730
12334
73806
65789
86433
64501
96931
16084
73283
56673
44681
53606
26652
76883
19546
78823
56893
27169
53143
44430
72032
20356
74654
14405
39782
24345
90050
86844
58225
61084
83120
89534
25989
54132
78741
58062
68277
55792
86741
95906
97948
43674
71538
63631
15227
18886
15852
86146
74839
12747
59637
99804
22629
54002
34759
15432
10797
72819
57148
24150
21099
32290
62044
21654
72139
12665
46978
31048
76604
98036
10898
86103
15246
92240
85697
17268
26146
34999
19320
98224
58689
55004
46293
87816
87311
35448
42526
88432
21542
96937
69677
75478
22776
25380
68185
66766
27043
84510
87514
79679
46343
84032
42067
94962
95971
58880
92758
87303
92238
30980
11795
77907
61615
42674
91721
40494
62174
20664
94703
23520
65707
74656
27654
88515
47746
61328
50522
76302
83354
40774
86276
15248
25625
49972
47859
28224
13732
19724
76089
75946
92752
33883
97585
40209
58843
31841
68835
25435
58790
70238
49114
32174
53276
27970
84398
60004
33336
67689
17715
30809
77474
57919
16010
35640
10294
28839
28588
70162
44080
89186
33351
24806
30863
25480
46225
53121
59660
74175
80184
92529
66807
88666
86505
42922
96579
11013
54521
40540
47619
86687
45792
73311
56483
87943
80047
74283
69758
53204
11356
26857
92146
55501
32881
57418
90422
23424
14369
89749
48510
37520
59912
92440
47270
44567
62641
87762
41578
18195
18555
32498
70260
96030
82484
82899
25344
40141
82316
75875
71386
88418
77697
84680
61182
98012
56294
24708
86819
80826
11124
44736
31524
59268
20412
31333
52192
36914
20118
55078
79023
30834
78073
95234
16633
81909
54196
68659
96541
18680
46546
30384
43293
45313
25332
92641
49711
39502
24190
22850
30950
18219
95130
14146
60020
34268
41476
73005
57486
49944
93256
84484
84056
29996
27835
39100
76616
52448
79195
79199
91363
59920
45907
65997
37023
54514
62284
21844
71697
30634
59535
80661
63566
15818
89862
12294
11818
49536
27008
72311
36615
99091
82260
60042
35568
29889
77123
50906
31609
66105
29857
92542
28657
58617
15315
85213
97661
65491
75695
46296
40784
84725
81862
40715
87981
87641
99531
19136
89301
42644
93859
54670
37553
21335
66074
79875
90849
37114
57224
40790
40053
57617
57896
76865
60436
29587
55782
88423
69314
63737
49796
73021
27741
65011
63618
85078
64969
54602
48132
12937
52870
75407
65977
48994
11451
12408
71453
20507
80042
26248
85721
82186
54410
22463
27447
10887
73028
67576
41700
32607
74992
34700
76132
23518
41331
15691
23164
70076
71420
69485
65865
76562
29840
35468
71639
68075
15632
25041
22094
86747
89800
56107
93153
85817
61277
89838
77380
35239
46399
51125
29365
96564
11805
51883
59297
28577
58123
30346
28279
61595
56858
56324
78331
20925
71168
42402
84460
39090
92183
47906
38190
87233
56031
29668
42655
26522
26420
87302
14018
17575
94926
12725
48390
51986
13652
43652
58348
35917
75667
53619
66721
86317
76292
15788
61517
92548
79121
63774
72281
99783
40105
61411
82124
26632
77024
75433
14614
50913
89025
88655
56731
55656
73003
34857
64645
29333
41652
13416
65155
26106
67224
94303
75537
96585
63252
37321
64515
19607
11447
45694
24907
64591
98372
82093
71686
50126
61171
91230
70413
88756
33271
74527
93418
95912
26930
48708
98549
58504
42420
82186
48718
55212
54397
93696
42966
80534
71451
71552
78832
19673
66078
39294
55043
11987
77377
30580
17952
84433
63831
69357
86419
72562
61161
10699
91653
41089
30785
57358
40611
68943
85618
54245
44932
36571
29341
81614
93891
90268
30720
69478
71313
86269
43199
61091
38834
25249
48795
54674
67657
69498
77910
45106
56981
58416
57591
89332
57810
91215
87744
26787
84216
44367
64487
17857
63630
26656
28832
53289
35264
69057
79463
35447
39027
57088
31713
89561
61615
51518
91119
25534
95961
20551
83164
12982
75375
45998
93458
57290
28242
27829
64655
31189
76415
98851
33383
25517
71034
81734
51963
88984
55929
11084
51230
42231
37711
84052
18925
22368
62632
81366
32852
31445
89008
60582
37340
92539
96249
47076
69388
41626
82664
61276
10618
77272
81195
74188
55364
87675
57432
73522
51474
92953
29405
39528
93914
23973
59316
17029
58984
19011
17960
21263
26807
78081
69259
40807
40976
96653
81458
10643
90230
89164
21725
20355
33310
83382
27327
39261
40495
82714
11259
38435
77654
63068
80593
52636
96975
26611
34012
39074
71401
71110
70671
36170
31014
49477
21607
35870
33167
53414
17914
40996
33102
34294
73186
90140
68259
86444
96834
85387
11585
93551
98977
70865
53902
48240
64083
60947
75218
18060
71810
53852
90966
98827
36782
42378
22916
64131
62836
42916
72872
55748
72209
68741
75073
89089
20018
88488
56124
97762
30529
24632
13729
60103
94757
57082
30072
19879
16186
62058
24596
59034
91463
50337
39396
50362
68126
90185
92392
23323
54898
51311
73489
58360
22048
33535
77493
23594
93348
67334
43285
95491
90764
97434
50538
49956
91966
79691
53038
88758
20964
51861
33641
69824
14955
36826
47235
84091
21040
37782
89690
73038
16743
83054
77379
10872
95561
70752
18737
50087
30343
46331
68009
33682
63576
27060
34206
58278
97351
34558
71152
30293
71577
55912
57493
14664
74091
74248
51694
32012
63709
33922
94210
47960
91131
58782
20083
65280
83333
32069
16701
12863
69875
74671
33551
64568
80990
79390
59221
53045
59710
17243
16700
54441
26073
63049
11534
16827
31890
24752
64937
66686
87853
68380
46909
50106
34399
82566
83316
10259
60034
77591
98159
82056
61164
87066
47890
35858
25042
94298
97706
90581
63016
24763
72214
91959
43453
47907
29481
95508
75739
38489
35151
17830
91698
95583
63315
41744
15998
52506
17559
99902
15802
42635
48363
40912
85331
73374
70752
93236
15915
15968
58610
76254
71951
95096
93565
49867
98063
59379
84739
97414
41157
26092
55752
20378
12847
66226
71406
85737
75948
43255
12538
50055
25400
43685
10583
65653
92361
43623
25197
95732
20508
46229
47305
77752
88620
15211
99041
18935
53922
31610
54210
41325
36908
52549
92394
65800
73540
40261
29797
88230
74936
79791
11777
69970
65175
58483
15112
82408
16205
59945
49703
12931
47431
14059
71594
72906
55539
92123
98230
78282
72654
28568
39565
12048
77778
22707
91043
37017
48727
34081
94381
91307
62020
44307
93432
11618
67520
56717
63073
66557
67318
67892
55126
42062
44991
10363
55512
84210
40944
75948
61267
66486
18871
11773
16932
88141
35170
35136
38183
50769
93269
26610
41055
73498
70840
34862
18942
90966
58627
76581
78094
75839
42271
46809
27154
80784
13778
96341
89734
73052
23186
28373
16690
19200
44806
23637
11608
82354
76267
87085
74726
52495
48853
68652
47674
36887
66703
73567
30569
57593
77546
99736
25448
10953
23141
63671
21467
27218
68225
23613
36174
49678
28831
38318
93998
58572
36431
93374
34195
88487
19174
40507
17540
94508
22311
81721
42718
85219
77251
33714
91886
11012
76829
21851
42769
17888
16501
36496
66153
40629
10601
62780
49155
20215
11500
24709
60502
99132
51979
73716
66295
80803
94123
86609
92116
33573
15211
81442
61020
20885
52931
13366
63630
47266
87676
62812
58342
23275
49154
16167
76175
96682
18995
43312
53891
46326
57281
20462
99928
83706
89830
24918
64531
92254
71903
32991
20237
42108
21390
94712
39719
54355
54353
86445
42013
38754
75800
97900
63559
77116
95731
87097
96554
34037
86677
74356
19144
26623
52882
52463
34115
73974
70223
37063
56620
96245
22981
10385
60057
80699
65290
90452
91581
64004
20391
33584
16725
22849
78332
58801
84732
75987
35644
29969
49791
85261
45270
46751
89557
15922
44772
83890
49979
79420
35330
51087
22475
61464
26365
37593
34694
16711
11459
14160
12609
58280
25714
68093
74855
41277
39436
40438
49629
70414
15013
47541
47281
50977
78622
30917
41774
74961
47658
47298
25652
10605
58963
45650
51235
34729
48006
43721
50682
83329
11856
85785
47698
89754
13012
48036
33564
79569
24034
84182
76133
53317
40549
88875
55854
47887
32618
28896
95875
48403
55970
13216
84178
18264
14606
40266
20733
37514
62505
56702
61183
10052
14251
26438
51318
74384
49099
67008
76148
98623
99624
45341
12465
48672
63641
18624
54422
41294
32260
75182
51760
95959
18369
15786
60448
25794
60730
62391
67448
24473
50626
34194
79720
83799
39648
39339
18496
21923
97371
61198
68360
71119
99560
92373
27269
24536
66608
92346
51776
21925
46011
38377
42096
77707
87502
68359
23744
14402
80373
57043
40903
35482
43970
64274
15271
30791
94848
23567
96723
54444
51602
81037
18252
20512
59401
54738
37295
23211
67618
96353
15254
90392
23937
20877
13432
84589
74608
74800
72530
58873
44533
49003
57447
43363
92062
28049
28931
57791
21387
33328
16817
70079
86534
50926
86620
96969
36518
68174
45149
15026
24062
33242
74750
67364
68665
65855
