977 10
5507571860
6966893905
2372066287
5874394860
4415882235
6340493222
5500402505
9377196471
4687785467
6934051743
9582739705
5259279681
9766682188
2441716848
8135252404
4325009947
8394296592
2925532257
8286122020
1582028057
2185735401
4912952315
5716402286
2603998065
6303241832
9138055492
7698885281
3027266517
9698427673
6701493578
4709843132
1794187401
8136821086
2925307265
6875185584
5425372453
3087745301
8388152873
8776111445
7826806867
4613105163
8153015424
2915549633
6709049899
9158692691
7379128806
3340928924
9974030758
2054067346
9265132930
4722750779
9175506556
4202718469
8364664970
3503946268
1245333297
4551662248
1984309963
2230133433
1843012125
5397021950
2794957880
9399274731
6906581263
4419428537
5172199375
5205350426
5424292524
2796120180
3158350683
7976934080
9725572474
9744590972
5559716978
1868706984
1677480701
7121583829
3692765790
4411912778
6902874199
1834860194
5082562724
8527244289
1954633970
9931758860
7246828595
4334451014
7187355627
5523602234
6675525727
8169216171
2335074863
9624437748
2751891090
9333801440
9931054200
4009995798
1050708694
9180475520
8780288485
3970428399
9221389335
3348012910
4801023365
9656493666
6080252089
8577041106
1190319936
9848768349
1079354833
6338538666
8063098740
2739673767
9370555063
5214513861
5048381961
8771040485
1209372328
2412482517
4123328490
4970523866
5025597010
3533051544
6619577643
2335976353
3129034586
5848496825
3831578159
6118851493
6672810603
7720902048
5634450559
2550518245
9047955292
1471641159
8640521308
9667152598
1948125548
2902382818
8846277650
1727510668
6188952565
8774811258
7397004159
1744478427
5559230659
1179307460
8399195638
8595436430
9445284326
6505584954
8099540592
8320110523
5827410525
5944386530
6278960757
2145051768
6220337537
5022189593
6690806801
5220359602
1657470601
3243953161
2675996880
1551366879
2141635591
5909963085
1959069715
4255913017
4792172870
3692085395
3380993294
5760992457
4571452825
9515026360
7348087961
9127752975
2357708327
3337912921
5133603790
4922158859
1047105861
4634611515
9655702944
4334896979
5372359689
8373197820
7624888498
7054832902
1164542251
5791816372
7084186164
4375768348
4005380202
2342658151
6042324613
8212761920
6426385415
4685607987
9355604257
6473655363
7292451922
4450886537
4342179396
6170401622
5608730214
9442967307
4637211822
5939285777
7156038720
8460318741
9661466573
4647632629
6837815160
6047773628
6988050334
2493052000
1512775570
9007710111
8673628256
1166277636
4925402722
4161545080
9995678195
6385836541
3689230936
9784705027
8068151234
8548459609
4150083520
9496429058
4609660323
9130981123
5839447197
2198771635
4747249870
6087496279
1668653846
6788888215
7615160147
7996488219
8595500681
1007007510
6454647382
4401665799
2238669883
5440486425
8171938675
4882997320
3758785825
2479788668
2358156510
9247888707
7807115158
6789616274
6000220389
3283292598
7661924414
5579571021
2217996152
5778333443
8070529523
6624822267
8445876705
8812529473
1114776059
3233636868
8000042899
7119854224
6270152400
7756384078
2375749333
7944370881
1777122588
6435781900
1327805951
1785540365
9678214521
6371283920
2458060648
4652532078
7556414753
1978396325
9142272018
3342410086
3357738081
6257481298
9303321050
7212366250
1978606539
4404035436
6049587772
8732982069
8266781313
7291358217
8984847810
7398539074
5585113999
9438908380
1039864378
8717009951
4522641331
5816730445
7300903457
6290926370
2638454127
1503922778
1893157176
7170978572
5390725618
3816349030
3993292627
5801415696
9333352151
1030293580
1789622654
5044285647
5615059090
7761159932
3163225827
1369907284
6104017717
3078165047
8951883214
8701970507
2808598760
9996469958
4122176558
3901833789
6914280955
6527578115
8851472116
5021250668
5888980977
7926095440
6258495397
1959931594
6307404489
6780988829
4815806920
5177889525
3310186254
5544578745
2323892268
3341238116
8608635311
3578573382
6030827730
1881423471
6613992237
8195511782
1486841789
7442830433
3548714573
8432101283
1930409642
7915116279
3214334426
3771407525
4806631356
4693540545
4075568042
6054935667
2882177999
3882805990
4377466004
8717276637
7613088225
2106674491
3686289945
5049545603
8146931063
1184633881
7430620000
4282406723
4603008240
7864434301
7309196749
6750738401
7254287448
6996172311
7893535686
9581144021
2569129704
1521234335
1104610667
8179028583
3906527991
5034456211
9822192007
7448594413
6056513934
8311985007
9958517344
2963654910
7154556863
1764975629
1885541065
3095736234
9257464509
9626467565
5842961856
6080746004
8429674408
9763416145
2012630457
4092943204
5464303809
7247276999
7963456012
1123388614
8433424019
5841389087
4584806200
8481739277
1706790055
6467626705
5531767879
6306075746
8293462783
3567857700
9441220474
2046566248
2796986926
3132004157
4998400181
9421812339
4629132655
5985951820
2434458099
2735392940
9762392502
8369305665
1801867612
2150070699
1205596200
8223052986
9807680002
5141886899
1297821606
5560769489
7107307036
9181646255
1216403227
9035906835
4220621744
5548572350
8406210903
4989314303
3449852399
9843355059
1729209896
5785818726
3155083579
5332288994
4913274146
8436026874
4237562016
7008725931
1110168215
5500599845
4186222919
2515452032
8592821445
7677472820
5215383618
9463890613
8863774590
9057499455
4356875573
1734902409
8412471969
6323695292
8589123579
3822752018
4980081632
3129398039
6090375078
8780652801
9263040990
8483758096
1009210614
4169775159
3500502265
2887569920
6818301205
7826033509
1951577730
8951220703
5564552136
2031729977
9277245830
4616518461
6897248943
4128691616
8471755656
4858981855
3117484764
4722311474
3067970255
4829797006
7794796819
8660179858
9394143656
9903428262
4721776849
6652225613
1656584556
5690253296
3474805034
7392043220
7714883181
4716777344
5641606736
9660088441
7501916734
8358142834
7786019876
3110852355
7169213730
7551773526
7520084398
1558782220
1996999393
9527734713
3476026087
2853263893
4683710597
5058993949
1577823441
7965055185
5079122772
2357201996
3376567632
6010949962
5450694127
4679022828
6784767656
6012123084
1711121083
7191019594
6396286781
8297486920
6326510484
5183665344
9050838288
5163796936
7742672801
3085273456
9893590444
7832644519
3658825006
7800156130
7009921416
6633113800
4565742501
2662195622
4394893055
5072863459
6300124113
3910325020
7037372469
8021855200
1842414400
6557201647
6506103549
2709276697
5420548006
5030095914
7815351632
2804827580
5163766033
9000893827
6858692686
4928840642
3122781555
1706343104
9354013630
7059030084
5497353577
7621458827
5245832319
8386661465
6905275171
2732972005
3797220427
9114732729
4892587082
1143829987
8124740525
8548188912
9209202447
8600051660
7161347834
2977629690
9423049106
1887441664
3612786958
3480837198
8504629005
9807425299
7456950550
7404328834
9202585959
2576463226
6511443457
5884071560
7397885026
4794554738
3300132953
7018872589
7957009232
4495174703
2083312989
4297681777
7707077067
8540089297
4249036838
1625985873
1668064055
2242647335
5033713268
3502933679
9655092363
6446607316
3097162158
7987257759
4139447066
4780974249
5373259001
4902605729
5169154100
1842483624
9492393150
7326587947
1100284764
1687948095
8668748717
7130668496
6610209877
1637920227
4151053416
8574873287
6945372661
1696766240
8872052302
7808931524
5024041345
7541228420
7858894749
7988622427
4388861520
7615220929
8081351987
6570447493
8892265628
9474181737
4601013352
4938902769
6849207129
8121092686
4875680303
3722773141
9622241557
3701504849
6143095397
1490446194
1399228543
9114984235
2640505741
2774901460
2392155676
8061599931
9786053194
7055264889
7495150315
5062226755
8180938558
1785001171
4197849338
6914089902
2908242587
5784006779
1982760927
3114779393
6574780114
5547598202
2345265821
8973411858
2034701343
6788174930
2625326382
6498916467
1828086444
8063645547
2031246733
2601481118
2980971748
2497822952
5620103472
9905465867
4528933915
6273437243
9722052716
7051053321
1180236117
8156261054
5974394883
7325473677
8195810798
2033651874
5663957669
5909478054
4659889189
8623490918
7020534979
6188107469
9350679166
2110405959
7762371182
1044845953
5135571281
1566856163
6144962684
5045853482
5100647647
3539470159
3341554626
9207399940
5060134292
6635143137
5443383669
7704584022
7623794357
2722798284
9320508269
7133727389
6579119881
8192565625
1146140783
8429899994
8078893629
9869703598
8380517718
4972700560
9905173988
7919724848
9798262346
8463648098
8993529595
6880579001
5914309619
6840728326
4526069917
3861097071
1194644707
2961594461
5544156318
4150860890
1174513589
7819867798
4296472462
9332662081
8472745860
8701878882
2841397975
4124137593
7639316024
1642834637
2964693578
4248310945
2115786014
2684475085
5303830671
1508165742
9402810252
5580133435
4388898735
5211331939
3078457111
5561888556
6840779444
6937932692
6575791506
7828596617
9789177680
2926566191
7803025584
4372907072
1358048319
1399136730
9942096744
2974380741
2285162201
4137951587
1268441557
6087885950
4210110313
8520056071
9836665713
4606805845
7818402638
7269978389
1571756568
8119552299
2110435475
6734874317
3110665478
9585475335
9725379104
9938507645
1271847462
4837480788
2051608306
4601329644
3375631078
6808472602
5911799681
3016673209
2989196727
5655056778
6238186363
5154224233
6824769844
5895055421
1114340849
3696930583
9026522653
1020609267
9113187722
8865542553
2668410854
6607349611
8754460915
2361428321
8271428346
4338339534
1107987374
5287117049
5880083103
7852962323
3659453125
2392663254
3089127436
9049571970
5892363578
4959470385
6498327795
6411491755
4956670677
4167115168
9057720163
1487439730
3721582356
6957418455
3143067938
9038084636
1223700377
6456025159
1598976838
4310040375
1739493562
2403034817
8853788267
7088718180
5305861241
4856087127
3219293272
5210113754
1361168276
3234779929
5255807167
6393207817
6778955790
4359416251
1117481996
9308145870
9802152255
7569672056
2528168789
4979111994
9336055052
6807606286
4577272849
5987924234
5880792366
8766603357
5462782439
9841977787
9383231939
9400920712
9636420700
4955751968
4439539569
2210489106
5541418470
8217454753
8996022107
2319277132
1443178090
4014512317
1967131200
7620009787
8276334950
5789000158
9150305291
1302737703
1243486942
2646441466
4552006871
8415007150
1501371039
8463944819
2718411929
4590974024
9791725985
7553566670
8914361788
1307822065
5503471230
4956210951
1740008411
1568293047
3263103712
6211382841
2476788959
1032030470
8124790148
1170792440
4152893945
2197419401
1123400606
5040503977
7969240745
3201186225
9096512799
6997113734
1130933028
7308446270
6473880837
8335628502
9955849403
8120606753
8152260722
6174420369
6200588904
6752086341
2241813387
3292710052
9615804555
1365822108
9428101352
9405041122
9054754672
9167258966
7213314540
7334047983
5921422039
2442167865
3361864740
8452238054
6006326331
3912255989
7107109536
6820257740
9818948456
4538123578
2338163851
7361218186
8183367983
1153216021
6824473151
2645456687
9377860895
8247881008
4517819341
2754285181
