9777 5
72307
76955
96785
50017
83893
62601
46665
79558
96994
33165
65468
14326
78245
70031
82545
45136
63463
33123
22693
49728
44276
24904
73218
73935
59734
77479
39330
41895
92322
82332
28508
94546
37228
84212
59860
86642
71838
13867
11284
49484
71130
87030
62845
89904
71865
85525
19783
72424
41521
38061
14461
66236
54773
51008
42705
45860
41107
14882
64365
36951
22507
54783
37752
87337
54993
64120
35033
57864
91016
79135
17346
82478
56121
90305
54810
81828
26253
77336
97803
19143
72654
71211
72739
12233
52033
50722
34377
37685
67553
18710
17101
74363
69951
76298
71676
48612
64542
88716
43179
70690
99442
23693
75550
18590
79663
52731
55980
53704
16646
45127
20451
18636
73098
18322
29443
76123
74200
35793
98627
94251
28231
10944
63748
34986
28732
96497
46331
61819
64610
47192
39248
92261
29683
41553
77127
87111
12029
97519
38846
94309
92634
96229
77883
39881
36514
65350
98358
86991
24794
69236
35552
39633
73892
68303
11847
97867
75896
94978
63897
40740
14064
46195
65843
60556
48828
29822
31398
39912
70121
84768
29713
22647
32572
73591
13479
35749
35373
88295
16560
67318
86490
27338
97580
44297
75134
36095
34975
72880
79360
74409
95390
61752
60422
69071
13380
20875
14384
77590
54704
53235
73499
74827
46977
77494
61890
53155
44498
86516
43297
59742
56287
22862
40784
71791
26989
46190
62091
89263
17921
71405
33151
25096
85350
41725
10392
63510
79707
69554
61339
60548
48727
37313
82417
18718
18338
68159
34448
95962
48450
54756
84876
14422
37850
93637
36497
99194
22044
68661
19379
12620
27930
18692
76922
34317
10355
44563
93002
84002
54846
16767
98560
35428
24252
95266
11402
31880
37841
85457
80848
76476
54275
50944
81512
23080
54065
21405
98748
55239
40272
37191
86620
64827
55888
92562
54888
76937
36101
86293
99956
57862
34309
57932
27301
31935
45405
56974
39683
71209
13360
52934
49937
92519
20981
46323
68973
89588
66472
28229
12187
91961
46900
62853
27362
13418
76434
79392
81110
31468
47464
49028
29956
69837
99556
31261
35048
40162
57056
12427
89906
94061
37728
42796
84689
98569
19210
27422
32236
43552
97949
86463
31896
83540
12578
16175
77693
37013
57943
81767
90604
80760
35617
89406
21676
99091
52183
80161
86836
25585
30625
47672
35789
96280
99818
70970
15721
73175
49258
42561
62480
61690
85319
39807
24151
91266
65411
32319
81793
54797
74316
35530
92383
43904
98620
29242
54332
41602
88737
80164
66758
23166
26485
84895
25180
40205
18717
92842
19166
59126
74301
20353
19041
80099
12944
47596
84213
74167
92167
46194
67990
43739
12784
85384
93512
82421
86941
87960
14969
78440
93645
38286
58741
16441
28236
70701
32544
37774
31073
11085
31874
46025
87257
97807
12843
17295
46404
49914
63242
20504
12649
23485
24030
81043
10567
58611
46214
21643
79152
78693
26488
49942
28809
43605
80801
21302
54623
99556
53161
39337
61532
58137
19832
39238
87797
42953
37993
27482
38992
42967
45787
80587
95204
47474
72219
94639
49944
90417
92931
38149
45491
79946
29859
47307
40370
64807
26125
50478
38107
22416
23386
93636
59193
24807
77051
66866
72977
17750
11625
62879
89867
23397
79535
44782
14320
74326
45294
87653
88147
91159
65682
98800
23960
32301
30268
68161
84811
74966
93738
37171
93675
16745
57321
87659
44293
58546
23042
41709
65343
30426
53951
63905
70024
23883
41330
51091
14051
50094
22183
76180
24111
68029
11428
93040
52613
58141
45515
58290
45531
55769
79921
82050
49949
59793
80654
62418
45056
27151
35404
19652
61076
65100
81019
94728
42925
42013
54051
44207
29024
44431
84674
73379
62881
46225
70934
19020
91859
78217
64038
28611
41639
59262
69766
61106
57784
29369
48909
52279
79747
92415
88903
29071
21507
73998
95883
70923
35698
35628
44503
96485
84193
18902
18471
41043
48443
64298
47339
97990
18471
27580
80866
41154
34659
76573
15610
69328
30364
91068
74455
67262
14512
86379
59230
16683
60216
62722
37760
86177
87334
28534
50459
34259
90374
79475
44556
98691
92787
17345
58814
89595
41774
84088
21303
38158
33440
64423
31330
50491
91803
64543
30930
23913
32229
78434
95689
62796
71333
42745
46832
85501
79338
88977
15146
72233
90414
12261
93676
39077
20721
87127
31187
15219
79822
85653
41366
68369
37702
53113
86981
40400
63511
55815
92814
33810
44209
26593
20134
66699
14830
76273
65105
70093
52579
33705
85389
38866
63051
58210
28020
91614
67133
72718
83081
57741
24005
60575
47167
67347
70440
35167
65695
35216
71037
11639
33202
70590
84248
48993
20113
78210
75276
91300
82266
82640
52419
78969
28382
29417
90860
37690
69094
34719
91589
57015
17684
31218
33085
71863
67967
66238
42689
34187
61514
61308
68249
24532
65484
44020
62458
74282
79023
59747
22573
38618
54758
35273
19661
10551
33282
44896
28769
36186
65974
88311
57973
45828
68440
14776
21749
61655
17932
76253
84751
68944
86017
41914
19458
19838
77782
36573
18267
54675
55999
94838
43701
50639
36122
41883
60693
93960
67901
64553
70421
93614
94918
25451
91153
56727
47534
22208
24027
99702
84167
95548
92536
42315
50511
36812
27180
68839
77217
67572
23708
90741
35794
89004
76006
24644
41584
48107
78105
34709
87527
77979
91169
15053
46545
87957
28901
29984
90173
32570
75415
29637
34222
39028
63029
96945
25386
86871
63158
76323
18750
81590
95582
32079
88917
20542
88964
79925
54087
21680
88588
13762
98107
47984
35880
34467
79608
13362
52881
15670
49345
21704
86391
84129
16771
24063
76223
46920
60382
33606
34320
42083
20509
46522
78574
16725
89301
82700
98841
39444
14555
61192
33669
99151
68804
78772
36562
23678
62702
45025
24130
76894
60531
18785
59251
64405
39491
60388
98986
63865
21037
90454
83426
35390
84119
27823
42864
40286
27243
35354
64943
88690
35376
66823
80867
65478
32795
87612
74571
65802
20544
73458
38746
98922
19009
88509
64293
86575
51795
28475
49986
42956
13821
63840
35615
69278
66801
31338
25801
78624
86960
96390
71456
86004
77969
47985
82217
90262
98709
84136
16526
44917
77468
76374
48288
70098
34561
10449
24758
34316
69380
53923
56144
80119
26174
72142
28848
30701
44915
72213
56084
46683
92619
39903
24236
87305
58494
97381
96589
72811
17220
30641
42380
22367
85586
81206
27875
10416
69856
36068
31700
13341
48375
85902
87632
26376
12088
21995
55852
48025
44151
66521
93653
80127
74813
88426
56162
81228
62478
43464
37138
54536
68189
62691
99235
93252
89716
19935
28572
16189
86229
84967
64104
10545
42605
29962
86839
39043
85959
18180
54700
52931
65062
81792
68663
93959
43864
66953
99138
77225
57613
63099
62074
54507
72368
23232
75256
14477
60822
88308
89182
64665
13879
83793
90732
38545
47868
81047
96188
73833
32979
89506
87105
93490
13424
85296
54950
19370
79409
37107
66939
16028
83990
22721
88515
70865
48974
22183
18834
51229
72336
78525
99368
86719
17693
41283
73570
22160
82660
43692
41006
12893
39547
96709
96608
95655
21559
91478
43289
51961
97901
96440
19259
62901
67538
42307
43353
33761
38882
62729
59155
67614
30300
18409
40181
77770
69468
12366
86366
69328
32909
56011
96342
31974
74353
84232
76425
47817
63061
35776
18056
78054
94234
63274
50217
86899
57652
15097
38868
28393
41378
49252
97764
74851
27838
18598
51094
12735
12707
62560
50384
24155
76630
21816
60909
30132
33537
85426
22228
69020
38868
77879
51928
85654
77992
40929
92917
60495
68083
24383
91995
38050
27946
31335
21723
19816
62867
66361
93069
32287
55472
80241
98080
55441
33221
15659
93057
70840
99494
43917
93221
57165
15338
80697
94166
61458
31939
24702
46990
13054
75974
17602
94775
88456
57272
49974
72559
26245
18183
80102
77649
59067
90757
31363
40707
59491
60498
71437
50300
68491
15247
99566
28381
47539
61477
74455
86322
78763
52919
46319
26955
89596
97182
74975
34425
57697
10573
81535
94052
82807
38284
55750
29998
23962
26073
76335
90484
17324
15031
91049
67159
59450
18053
83262
83624
15809
12461
65432
82230
40634
58011
88605
91300
65529
26708
59229
29498
38349
28241
89271
51669
99609
83694
20854
52583
76340
82586
59458
10216
44278
36830
26666
14379
75014
48825
40167
24801
27166
93815
60462
14314
68969
23915
23061
29340
16692
61081
51576
15463
56484
78124
61674
10074
55684
96825
99327
49601
17001
47432
90028
20822
14873
45269
92428
89044
70487
97367
10706
43323
61774
38719
77443
68944
39626
29771
16403
21861
94863
91718
51327
37170
23811
74020
18802
84427
48968
72155
58764
26323
64644
97192
68026
95855
21906
26351
50396
89207
85606
68618
68525
32824
73657
30467
11703
92659
60814
43546
38849
61832
95937
30425
61778
84150
84044
13580
36333
61488
31161
17540
13024
99657
82847
25121
15684
11002
39518
48673
42417
36927
80551
80274
92995
37311
77356
85042
37376
52998
31046
46975
78043
60219
32005
42487
68679
21590
22367
95760
86666
27746
41647
35220
63465
92904
43886
63526
50206
68223
20191
62077
90758
29673
86331
24519
30095
73059
57963
82621
17205
91231
59326
98854
95388
61829
63127
16821
33448
54762
67351
87507
70416
85548
41520
57389
44410
11878
83803
94730
19172
47552
23908
39312
74649
74793
58552
29675
47948
87922
72918
74626
43460
30338
53685
37412
54399
54883
19627
86787
37280
69829
12769
96556
78206
72643
16684
84215
95129
71237
81450
28206
39036
41211
63802
97946
59964
45271
35746
99589
59066
19490
92190
31324
33238
28325
25644
61136
69062
38903
60742
56632
73581
81053
77062
40843
11582
71544
88946
26982
68178
59186
38668
45427
43743
68419
78558
33490
43116
47477
82920
14686
66812
55335
20066
87237
27747
81484
76445
84576
38488
74148
79481
51881
20890
58394
39900
77541
70645
78023
35734
91083
83618
83938
55320
68119
53641
80937
80599
83211
80720
29611
14896
42983
16854
44771
13155
43109
45491
66117
21545
65667
95234
74265
59242
21684
94220
25033
55731
91932
68600
28153
51660
58172
76746
77424
85277
25944
58452
37750
33616
68640
90014
12097
38959
39168
67534
84931
86804
54152
49953
75001
16167
52601
15534
88379
92011
88426
44304
98086
79631
68146
45192
30035
10989
78408
74072
55910
92478
69290
94706
97745
76627
27254
15912
59845
14908
84477
65154
59673
92269
98230
46411
43495
19047
64002
43505
71969
42135
30770
80282
89973
97895
21984
45135
74124
37454
16432
57907
50770
42151
84382
72987
28648
32165
31246
17189
42211
76415
43277
67035
41051
96498
80822
97549
58049
69287
39752
66522
81660
97258
98650
18745
12700
84044
90194
87646
97008
78336
43782
86917
85079
70516
46695
83046
80788
25337
49577
63180
88183
27454
43252
51761
12056
74120
75978
19760
92896
96113
38948
31732
93504
51140
29474
81143
26513
42803
92289
93720
49405
35538
51636
46988
18335
83557
13001
86757
46375
95694
65146
36831
50740
60909
99671
62161
33529
22161
71793
32536
43150
24476
55345
32473
31912
49625
12769
49489
89735
87109
50834
73847
33605
20222
80873
66371
19546
97510
50791
69793
26885
61206
95394
57202
98503
62700
54828
19450
58197
97378
79982
45132
23564
30314
34951
39134
48211
28965
75040
71754
84515
39272
84356
92145
49044
76415
16480
65816
26498
96008
92921
39463
81735
88235
98827
87103
39697
69079
98257
82103
84522
97148
23690
79864
91110
60182
37499
92218
99275
54070
21294
88890
63353
47526
25298
70560
48354
52992
27319
42966
70793
97557
97713
35411
57485
39258
20591
80859
61535
89159
24334
83543
47194
93252
67374
46820
66879
84203
41651
27307
73035
87866
66887
43748
20195
75560
79497
76235
61915
37518
31357
77477
87804
80421
74776
27731
56410
13227
69330
43957
93029
79381
39433
37201
73289
64598
29600
74800
20954
37396
62225
20930
12560
51115
33790
63867
19503
89254
37893
18780
51828
20695
69712
59294
48900
38628
95377
44305
25798
25285
51195
88601
14059
95731
19408
13535
50526
83720
73236
20690
10669
11101
38293
57107
91057
70966
30694
15057
46090
51205
24042
78955
38587
90782
55064
50092
41406
13273
45864
93770
89914
38910
38506
15848
93876
54567
81727
21878
36108
93461
38344
56496
89267
72100
11068
80461
79097
84296
58474
50022
35927
61891
57865
84709
91369
19182
32365
68441
91946
58389
42889
80503
83697
34269
74380
10744
65405
54213
24985
38098
20798
49547
95904
15307
41577
74377
19953
59573
25501
55364
43941
84945
51673
60213
68441
63464
53954
72547
29325
83802
32991
67731
58307
69123
69374
27315
94073
10342
51671
48570
55717
24962
63893
27328
23335
33615
96776
75699
50013
33437
80949
49690
77756
73160
91845
19050
31730
33464
71839
28224
19708
93930
23524
75931
56577
64080
90755
61612
84156
36393
84642
83071
86191
72052
39476
88866
57682
45562
34849
39646
70510
45977
79310
12707
94248
73454
31541
29210
52043
94913
62888
21654
92561
90583
35628
84301
67688
57379
33486
27341
84692
33628
89656
54472
25771
71844
18229
77998
17690
42246
17545
89331
21001
65632
66527
47058
99818
27282
99302
11300
74444
26228
51911
88767
74296
74061
16686
74104
51080
23949
97108
51161
24685
43255
93784
87336
44359
50040
52525
49740
17379
15250
25290
75463
52194
61095
83896
57348
59807
64026
94207
51025
96797
12801
53479
38165
58384
29504
75129
40998
71782
58082
76079
37901
36705
25760
56924
26131
18448
83577
25061
14891
69333
67436
69419
86526
69307
36898
43198
74721
57966
20698
53288
35143
89222
14175
31979
52951
55065
79173
28686
23776
11621
84509
63365
75602
65770
16027
35844
30312
47525
51314
27676
71395
95725
42307
93475
95640
46448
98270
43954
60056
40956
10418
64922
49782
32185
65374
39199
16355
30072
65999
32366
17905
31395
19189
58541
79527
41065
27748
32144
42195
16258
82158
42851
23022
27771
77425
45608
49156
82761
70434
11967
21603
19692
81117
79553
80835
80850
89002
93048
37310
15395
20970
80734
51632
16489
52328
30947
17691
67255
60180
43160
23427
63372
61092
69456
42574
37931
99004
74975
79144
17563
96479
55865
32834
87848
33645
84086
72240
15485
78560
99978
85967
52776
21733
51322
79945
78965
25757
86480
27971
17682
82748
41431
14950
23150
87152
97702
65132
15960
50798
82412
82820
16700
38224
61730
52729
14562
96932
89731
44726
93611
84142
86831
94770
55016
28091
18075
20160
58691
19522
80694
97289
64025
39162
86705
39996
84807
86744
87500
51603
17279
65064
93096
86892
35591
76450
51766
64149
66049
31885
85776
79527
63034
89018
16953
21161
33369
56960
49475
45783
66002
36111
39843
53337
53003
66936
94522
98557
63629
45668
62902
10410
57107
70143
82273
87269
97681
79155
45395
61490
32645
40671
80216
11139
15302
19031
51862
34836
49813
57921
95634
13181
46205
51008
21417
20045
45244
77515
74492
45344
41127
51287
87850
96113
58562
56858
72023
26505
42542
93521
14070
85623
17577
44232
69158
36527
33683
86655
58883
47351
56795
77119
53554
69253
74673
45592
90704
74956
37091
71676
42093
58411
54577
29178
99473
72613
23944
41317
95148
26391
69850
50048
22436
10773
83603
87408
34480
23541
73700
53078
17164
88859
37003
75009
31708
61418
37953
17485
71897
85697
97361
80823
94067
14013
17053
87806
32726
10170
48268
26035
69843
16391
26130
42841
70919
99308
36586
40606
26768
24810
11790
61633
84120
57683
57948
26886
79384
59094
81729
31973
91156
30842
21148
11957
61954
25504
58308
90674
85598
73871
37385
64349
24715
47648
93364
39893
18495
56761
23979
75752
26470
87690
87801
62267
18010
18135
26309
49336
36511
82878
94572
44799
27126
66102
69773
51737
22054
38337
66597
20445
96532
59422
64837
78593
87394
91894
64485
42170
20267
88064
75770
50874
41422
90885
72634
82565
91058
48895
33153
74191
55672
95348
49011
62545
34770
75115
35610
74320
71426
30057
44484
66115
47714
35586
52648
18376
54145
17730
42207
92433
75860
16119
49526
19419
82220
74245
15862
25683
75970
60694
73666
50247
62402
38056
24981
30877
10291
81377
40558
26490
95171
29031
52276
43060
83992
30623
45911
62328
49938
37578
68977
39322
48884
76301
38048
14718
12512
10899
22718
95679
72328
97269
55962
75511
15414
58025
81635
33947
21285
76243
98410
26573
15955
48913
68373
34255
43519
18846
50390
52803
63314
51046
28563
87250
99432
49945
10693
39320
30242
15615
84847
48738
32517
17728
44368
53056
94202
20240
43854
38672
46178
11756
34381
18826
29561
58804
46021
90933
49871
44061
53926
29679
94731
95676
25452
76117
16630
20169
17607
22289
27120
33200
86178
17901
38616
89686
96781
46696
90670
77075
77942
17307
94820
52089
86267
71288
64627
82854
45824
18712
77172
84868
60376
45657
53235
29285
23254
46064
98375
23943
79102
99439
86850
15818
39453
45406
29845
38153
94962
39014
94790
97383
68323
52570
49287
33172
45762
83995
92887
42353
17882
93006
86693
65499
73656
16755
94336
76393
52078
56687
71970
64200
63691
74081
69108
13397
10171
55983
94670
14989
53204
28026
79252
30330
65838
99452
60510
24719
26820
61070
96803
52081
84026
96339
82338
27603
20184
69967
91240
95981
36107
48883
14825
90709
97640
12117
14997
67716
47760
25140
18877
24434
97066
67237
67337
11957
56516
87062
72299
96670
27805
11982
87682
58054
87317
61451
85991
17617
15795
28463
28746
90946
42095
31967
55505
72511
24541
25237
86645
34847
31336
92271
66392
95580
98650
18254
50784
62789
21246
22070
46910
87982
60008
84771
73424
24200
32898
81699
62598
89365
28277
32291
28898
55412
17010
33982
42324
17965
36498
76604
62045
86811
42076
98156
99089
53456
87938
70519
65754
29518
24883
37510
95528
60028
19528
96048
56853
73592
19112
35473
36631
48574
85750
47241
39123
77229
23224
69494
19287
14590
19393
46692
99692
71079
42395
16172
41637
53837
13454
96081
63804
21178
16736
35305
21476
77513
83325
73352
90223
46393
44013
96856
10755
73444
31309
87224
45476
87383
46791
52210
53802
98743
28693
82397
11000
42791
83452
66924
83916
19823
90024
88183
47540
92739
38986
72428
96973
51712
79903
43986
98447
34565
10945
93818
84883
42442
96997
24149
12533
67052
14680
86005
46138
49729
92041
84296
19652
72242
66445
26611
19060
10719
84258
28217
50347
28097
65323
94923
76645
19096
47327
93238
23458
34610
11083
66158
43747
97489
81800
44257
72248
59508
94841
51533
56613
54097
86975
37029
74823
31017
22194
29967
94908
15772
22528
51447
37239
45503
90084
94129
64420
28778
41889
12468
22383
34116
69201
33221
70999
24224
78633
26185
27867
70140
97299
61216
69565
46650
13981
42542
62715
77028
20081
83867
87931
19805
54507
54380
85752
67872
53723
56861
84374
68747
49655
18365
60316
27054
66007
55292
24864
40578
13663
44644
47120
31184
23172
74527
25232
43677
10395
39840
18541
45275
60625
55729
84998
85431
16648
63701
54780
17184
75979
21863
53963
70612
33686
88681
21115
75159
27102
98348
59009
35777
75736
87188
89264
29777
62718
63082
36251
36453
66001
80312
41504
15174
66221
90971
37356
54966
58679
94846
76340
75453
54830
34775
48750
16623
46010
16997
47601
88522
80009
42652
48989
40597
85788
84473
92258
72564
51528
74600
62265
31221
35705
94389
21197
31329
72161
23948
16130
12081
13284
28547
39353
19752
28068
31126
92334
21228
61218
48246
44455
33199
13279
29536
24760
48713
29449
75347
36944
15162
20148
88294
51771
98898
35563
23315
82051
76382
83413
12386
85979
93907
84617
39444
68865
94651
28688
32698
82422
17694
90961
34614
69584
28036
96531
99835
63005
70767
86926
69739
56788
76995
26556
48991
90325
93823
63078
57214
20017
97246
38392
11353
24386
34533
22481
74273
56453
84841
82882
79752
33661
63610
80097
73172
28691
52646
62179
80932
15448
12341
69499
21088
95068
24331
31402
87113
33973
84145
80780
58587
13631
91190
59145
13842
17342
96987
96728
35020
93049
37903
61372
86361
67011
10213
52526
42383
94910
94739
51261
50770
94151
14093
15212
86093
11195
10401
14773
83842
74643
42343
35827
14550
85775
46848
61953
21728
11914
88395
29001
55922
50924
25728
92308
43358
36915
23167
58054
52864
81291
95744
40248
25806
92940
84232
96699
99089
69927
29476
70220
62994
18986
75710
85606
46209
89590
97804
86171
17550
27118
93655
78169
59453
63445
95712
78349
17962
91443
65924
39696
43664
56536
86928
79271
19649
74414
78056
54061
85204
69474
10271
75532
32012
90437
70324
65967
76535
85453
65084
55146
10516
68390
57666
64251
93612
85901
41534
74054
44526
45336
59509
80884
58075
82430
41043
71158
79618
28990
73175
91818
45034
18546
52932
99438
60060
73522
87164
27978
64591
24651
68687
31616
23406
65294
71263
91536
18731
69330
28081
11687
75596
66035
43065
86729
88481
66639
68041
74137
53440
48665
25503
91835
38557
73132
89113
11724
44680
83472
49814
18839
60659
73973
84035
89504
95939
20779
86692
44661
34773
46707
24625
59877
64586
16766
92033
36816
50284
28267
50226
98543
10441
35112
54357
30709
31900
46491
10800
60135
76062
64704
88009
14752
74351
63094
10813
94541
74549
92389
11980
23112
54667
62663
88233
47288
45672
14495
19566
25716
84729
52225
55144
68398
43306
81077
56603
17705
27149
20762
66722
90804
23939
45788
54328
61408
83418
68044
89129
90513
37725
52199
55172
52678
41983
84000
28227
92512
59597
60310
16100
41111
41583
93109
49114
40012
23663
89624
72097
98315
42553
29762
42415
52385
24116
73075
92649
97341
56767
29306
28437
38339
61331
13962
84674
40376
90214
78128
19641
41244
94775
36206
97789
76322
46751
86011
59036
84684
43130
57170
97710
85317
71701
25370
97167
22690
46960
88171
45472
65181
58822
11662
60682
29878
38443
47958
42905
89114
99780
58018
39268
59583
80539
30659
22399
23657
25053
10695
97367
41461
71787
70010
36417
82040
84138
27216
57749
28709
20420
83376
15834
68913
70487
89003
93256
66042
32468
41461
20700
94164
22726
50615
62339
52308
92330
56963
66043
18272
23683
87102
34222
83863
21622
76110
67195
46495
20735
28801
60123
63810
83908
97033
22847
50670
47148
32506
95518
75452
83152
21214
35864
62368
39546
48230
90311
83045
48148
82560
98850
93379
83360
23660
49118
47062
93930
65761
49868
67388
66739
29478
14985
25405
35084
92162
90993
41884
80727
64522
70493
22123
82623
41573
47161
78477
50320
54473
94198
16946
29844
96177
19193
99831
78561
63927
43416
21809
52465
80092
88618
75009
36980
51723
35676
54675
26153
10633
77095
15993
49332
23842
12944
29881
37716
98431
27533
14786
78747
27008
87099
70621
38183
79667
41598
91670
73703
99066
84291
83516
84270
83440
13800
54740
80526
39923
72227
82756
87822
31709
54371
28466
62277
44807
71812
98618
84248
33646
15837
80448
17593
51433
42894
48411
43056
23554
74906
58054
14625
98057
30430
99831
87484
60628
34625
24159
52363
30534
53890
85674
18625
94460
34689
16552
78445
28598
78213
39204
96085
71310
89899
94167
24210
60268
97557
11077
67063
47801
33153
23564
34746
82287
34059
12792
67364
35958
51531
64283
52733
19492
37008
22964
52726
46243
29515
46882
61247
30156
77357
15191
16877
63834
22758
93743
11600
29193
97848
37341
85948
50509
89150
25746
32704
92830
35960
20552
43913
91885
16865
22927
95651
49721
76557
19467
56434
55669
90340
72571
58673
98048
96102
38739
43608
53637
23558
10210
99127
86057
58496
91926
96829
83205
73906
53125
90009
11761
58903
95548
99605
76438
26043
55285
54257
75696
17215
70954
46437
24062
42981
11193
51754
44989
33829
34756
54555
48726
77934
90598
32371
39773
10595
44307
72947
96189
83047
34060
39761
10815
13795
44791
83003
59094
29384
21672
75859
51440
28482
72673
85720
28926
50314
14966
49754
24511
13142
51448
61857
38013
18065
21370
24299
43157
70927
85144
75832
61201
43170
94660
31911
74922
11379
29655
15900
12259
38996
45136
66717
50943
61485
11354
24467
24845
56081
87902
33137
44709
69626
87148
34397
60080
53013
51416
82403
79960
80572
73138
22947
16544
25994
52105
26783
31918
96816
81855
17360
24354
76922
42795
45107
40958
31100
66124
17780
55868
66786
13155
34724
21959
82926
38034
56584
30279
49503
95289
94108
93304
51376
77823
26538
87941
70849
87965
89632
97866
48732
50059
75207
14971
25110
71759
66410
43045
14943
68685
79213
29741
77129
23349
31124
77841
84630
93859
97331
74397
91227
70984
26273
56968
31922
89043
39736
78966
38111
23092
20214
51228
96129
97017
50074
33347
94008
47344
19335
27562
72226
59133
14178
92445
29991
38605
51564
39987
66704
23039
34712
25221
79597
50522
39921
42004
76021
66849
57475
70356
68619
60400
89010
19023
17243
72136
48120
14342
52614
35339
31834
24530
36310
15696
48382
35935
44593
37211
78688
73940
26046
16402
78748
46255
66640
93145
58040
94736
22865
87446
15892
23587
32107
56863
86334
44424
85417
18375
33072
15345
51391
45458
48882
46166
78224
32017
21466
84165
82552
46996
75433
70787
87724
16604
13319
39085
98013
33025
25385
38925
66747
78644
79614
57488
15933
61430
66369
20623
98783
84461
42795
96842
87000
35884
75887
25562
85607
68368
14462
93903
16700
13443
44513
56338
54292
86890
53325
97177
13358
95295
61620
15599
56390
99912
45622
91281
81169
91776
70594
19280
30107
63053
84026
74481
36715
87438
93830
43576
35500
78192
75713
63798
24557
61526
34597
47945
58094
72674
93997
93874
53544
60810
25129
30777
68658
54822
29097
66051
52674
14313
39955
79375
39059
43312
25208
69402
69558
46882
86625
98228
63823
24369
88277
74550
15641
26094
40034
85669
44540
85436
88024
22617
57969
62538
58021
24664
93730
39246
58946
60952
45263
11532
89017
31606
67536
33149
90632
23053
62852
76393
62773
93348
54892
81109
78089
30386
86837
51170
41640
53659
76621
53908
99226
68045
28444
56290
36940
74435
31546
60651
20704
33905
81200
43981
30137
60638
67001
42347
69546
72147
78459
86275
30092
87056
26625
86991
81373
13887
62794
77221
42781
72133
20026
22013
18729
92748
56980
63917
15527
76888
99585
26124
49090
63037
36358
26172
10527
52522
68518
42710
52753
74059
15345
90413
20557
54907
70748
45279
34247
23194
40606
28852
85424
92258
80967
56029
52754
86706
45721
95500
43038
30847
97569
92798
13419
50469
19481
21874
48345
98662
93501
14815
32512
88850
55199
20741
92741
98264
17114
22646
99819
20676
75083
80810
59476
17375
72534
80926
63986
45416
69208
82742
64739
62944
69270
65099
19306
26323
93160
67565
59236
33704
65889
70261
43782
96842
81989
83785
78831
31526
38324
70738
43419
49805
73453
49360
88468
40286
45014
41805
94549
80996
89384
20831
52360
87421
55029
54389
63666
89190
24565
18770
94654
10783
96589
20020
88251
16737
27623
44434
60651
84410
58402
73893
65725
53746
91150
87666
85340
80298
45892
27009
65854
75468
50602
95975
99452
42075
67728
65229
73563
82634
98884
99564
75100
80903
52352
25088
98650
98962
53065
71411
23761
79186
30255
81915
66178
66838
36037
56075
65196
47967
55884
56466
86436
92803
56744
37192
96561
56881
83999
37167
12440
10611
85303
39993
49289
86298
94320
69066
28283
16785
56224
66105
94999
58289
41249
21102
57461
49245
73571
46391
21691
15743
27158
79041
46646
57861
81063
20506
60702
79575
37714
81098
91321
66812
74744
55619
35406
42925
50859
61433
11707
62031
25099
50455
67145
50214
96146
15561
67838
95501
37533
36377
41436
18976
26215
21042
54013
71331
86691
64731
76588
56454
56062
65614
71168
46886
80996
45178
61974
49608
29882
81357
78056
93644
30784
18526
24611
25637
29984
50459
91066
38418
67184
17030
62073
80065
36021
36372
50916
72480
12273
22742
64896
72728
85824
77194
31534
65920
78905
56444
70241
32104
40695
43857
50893
47415
17453
48958
25740
48468
70596
67436
98507
60047
60168
43476
73261
54573
87248
65057
27909
44993
29194
85826
43606
44442
45899
38536
79087
18798
36257
58391
50054
94227
72827
88414
95213
62568
24367
35102
70607
58595
17537
46841
67464
20770
27429
98504
94172
84845
46750
56451
82539
51654
53316
58845
24843
33356
25506
95994
25938
49004
90923
46436
63626
69190
26195
77975
42795
55693
70783
14132
67754
84985
54332
25765
14893
83574
79001
51674
43098
23998
49828
29747
44594
27476
56557
70594
19257
21331
62131
64029
51415
67917
71910
13175
63042
86555
31825
54569
99825
55848
31674
70339
25035
36461
33069
48569
62723
20951
16653
16821
73193
84897
10327
31893
76216
27456
44820
17027
66577
18251
64263
60668
77421
73722
97601
55292
30820
61961
20739
76021
72392
27839
20722
38371
36393
80521
23702
36137
17344
25258
16092
71830
61263
32367
74100
97290
84913
57021
62670
37569
28341
88532
11560
80812
36426
38599
81691
11259
58859
39867
26995
11581
53553
44109
98456
32737
21750
96265
87872
19798
97343
78215
92013
59629
26569
72487
74824
87713
69696
45638
75121
35276
38216
46718
40167
18325
38629
72773
23377
39803
66368
73859
83583
65700
45351
95094
43194
30970
23411
46247
65795
24155
37164
93186
11580
93033
23583
39583
68756
76414
64724
46905
64197
76441
60885
38890
69011
11576
54995
57198
80237
24341
58870
73433
14661
33394
62550
52600
80535
55084
90236
76580
73312
40136
80932
13365
38706
59067
42430
31676
97851
37211
15523
74797
15100
83398
48476
74739
75327
63124
90461
68379
63319
27156
23682
59113
10045
16446
13285
87342
86921
24369
83836
66347
33828
25863
36481
82849
60098
43598
73248
61808
45367
60576
64219
63684
31908
63135
54410
80136
75369
20060
40796
29600
95995
23730
39196
12537
90828
38433
26933
23531
65937
75440
12403
45942
57297
48788
89534
19138
71255
37855
53844
18668
35649
26104
55213
44126
49934
91160
24791
10121
43369
70912
58950
13713
47165
22887
73399
62100
74086
53754
14770
60012
65220
96454
39778
39842
66544
62369
42750
70104
59625
36704
78610
76284
25459
12913
46048
14591
13146
26290
22104
25282
25597
80418
67103
37827
21091
80231
29420
28295
45407
83555
46514
21314
41781
86512
33935
28488
74133
15949
16974
69404
39683
90644
82269
60066
75559
68373
22316
24687
73827
44082
73341
74862
48772
10454
70581
74504
56224
11705
53482
65217
77858
98719
69667
38611
53261
85513
65544
19138
43406
65436
84881
39836
75217
38640
70222
32208
78539
77011
79420
42416
32372
69864
55119
35330
58601
58216
19407
11096
27903
36427
75256
13137
89381
33682
31041
82346
37075
42583
61168
47008
95116
47675
78929
48323
31803
90172
70424
21521
10160
88416
42764
74858
11330
43584
27475
81828
33549
90430
56676
76218
82894
94204
18131
61813
61857
83829
16189
88894
97256
35928
10620
27014
61310
75582
32982
49533
57868
59271
65683
86492
92371
48550
26035
53148
90036
45440
90510
80085
60526
23548
14174
52908
49409
67002
95181
82741
92902
53917
47726
29122
79092
62359
84401
98747
71505
31077
12773
19676
13983
19222
87568
18638
56388
69485
54677
44482
38710
99070
25903
48244
41842
38538
24230
61307
23167
95289
65052
93300
62881
94573
94153
43589
13937
25464
98272
32903
92956
30961
80163
68950
10130
93811
72842
94072
60891
72820
36046
83498
89410
53503
80910
55100
94067
38486
20502
52455
73550
28356
64035
96841
21494
32929
75020
30404
63848
54419
83661
66301
16048
42738
12050
34037
63227
53225
32661
18737
24079
45288
55259
40021
51165
25578
74640
52948
73537
19776
81876
46594
75861
55691
75742
37634
28002
63913
25753
97358
14019
20059
56890
79198
23658
99063
97910
19496
55903
87069
39116
46304
33935
14069
56999
28668
18351
11547
11325
81712
73764
77257
96020
64802
70468
21468
37669
66171
98402
67721
68148
18928
71955
92182
31785
72186
74959
22581
83133
86473
12722
72206
65976
39520
74053
55708
39999
91360
82357
55077
26566
26924
26562
70912
14030
71803
92650
43826
47753
28226
66097
41696
61889
64271
76513
26697
75147
88982
94800
36492
21612
81819
37106
55924
49781
62645
74271
24289
60256
53469
56185
27453
49831
54092
58065
73323
67939
56581
15785
72191
18137
32257
83805
63255
37252
23503
79706
56052
66982
97975
45907
68203
41899
29653
88466
20868
72130
79976
44266
96102
91124
15249
56782
30409
32227
20558
91475
62065
46464
78218
64452
69687
78748
47256
13089
80423
44088
20029
13850
58485
20304
79382
72495
59521
94346
54096
26071
87015
64691
89302
21803
23332
44736
69613
84115
32407
65233
30388
31903
94107
53610
64668
18408
67112
21253
66184
14102
13394
44500
81225
13173
83765
24339
24610
70227
30908
39281
33654
37859
60827
72116
51081
64940
97556
63245
78374
88239
51378
84341
64081
58090
95701
58159
71458
71321
22557
56458
42134
71252
60626
55998
48560
91396
63272
31515
52255
53401
81607
57463
12087
78135
44951
65317
12479
99373
87763
90939
72080
31712
38682
60064
10528
37038
89039
15576
53869
78542
88352
91367
22046
77481
64338
41443
90160
36972
10021
60212
94288
47136
29589
87839
31152
19117
16260
97960
91253
51089
73799
65917
73911
71437
98714
76220
40338
63041
58860
19095
45479
82557
56821
53914
68537
26073
21696
35420
40978
12890
60455
62133
90702
18912
49270
99732
88943
55042
54005
23794
10742
94533
17647
88070
98932
29018
76208
46471
92067
38210
47670
41594
99947
32262
74949
15592
31565
16873
62294
32640
79845
13365
11693
59473
57716
95483
84419
27872
21745
57648
13634
22242
51417
65844
22871
48862
25561
85826
16786
69809
93988
97160
60652
82934
90477
59048
50799
75116
55291
47675
48267
94304
24240
76917
57897
22003
24851
69753
59204
37843
42940
25502
19067
29308
53724
48805
90633
11870
15999
54065
35384
52027
13285
39976
48522
78989
36219
10327
86798
10534
71803
72856
63667
38645
84491
40230
60791
94684
52506
69268
32408
92359
13887
81745
80414
81808
45755
73356
44657
62711
37600
44983
53808
79258
15932
10510
25168
49607
52949
59891
24100
49635
30086
96103
96137
70659
55370
92919
95742
89377
85867
44833
34500
72723
79895
58281
54106
92629
59150
34922
65424
17812
94508
39800
61731
41589
64641
97647
39544
75059
30564
15328
92341
40898
56142
45665
33612
81222
37021
62989
41868
71818
14051
82838
48960
19164
71586
94516
90636
50038
11580
77018
32500
91032
67033
67230
79946
12323
86773
76853
29047
94827
80126
94390
17155
44114
73664
24537
33389
16660
41191
77771
21767
41921
40596
39372
83587
56260
72350
81888
65485
44571
70211
90140
12470
43465
14118
47160
85365
29291
70903
14469
44300
17867
29368
54161
88732
60311
76970
11774
74210
62923
89797
41522
88406
50624
34806
61602
51055
58933
71498
60338
57467
36976
74961
23427
77963
75485
75529
64646
44244
21376
78690
41451
97898
68686
47089
71272
54991
46637
76016
59685
38268
63828
44707
14596
56374
70044
48352
78520
17621
98305
98136
61132
99504
53709
60035
92660
47172
12754
70595
64830
15388
22880
51141
58919
68740
93612
26178
53990
95219
97077
40269
99135
39602
52990
35697
60379
28179
98492
71516
60867
93584
16757
25898
67765
52704
71658
11870
81676
45552
78567
70030
21747
54446
51225
82084
69781
50032
22197
46827
10282
11765
99297
27576
55281
38031
66588
79595
64159
37624
97308
67342
81856
47660
45251
43323
23818
89159
56889
10371
28874
37160
13211
37667
96149
77592
54818
84669
30550
15795
90167
70930
51813
82916
36598
81166
92137
96057
68918
88289
86420
43328
99199
82263
86114
96522
78736
32769
68109
46274
19256
55358
69362
28761
47214
33804
17328
25618
92984
41501
45174
77700
35683
74579
35294
85128
10133
20151
33009
93136
12312
20505
92621
70088
57205
52698
84168
68422
34525
83722
47718
19465
77931
42687
10939
93853
37840
48800
73811
68855
69371
29002
53694
26814
23350
72617
32322
93827
31629
29183
10316
87792
59900
54186
47872
14986
81840
16777
27714
71659
16210
46599
73075
19092
17955
73720
89437
60149
72998
34542
91378
16924
30728
54957
85836
61009
62710
61361
24618
89188
65165
47088
71769
20924
38408
65448
10682
40469
79680
21324
26991
76360
54049
30671
85978
30794
33163
74932
28137
36770
45174
50708
53605
41289
49245
86045
12353
58940
46493
26740
52881
52451
48814
22774
39667
86365
83841
34247
21022
15566
93011
53825
44455
38144
56706
84380
11600
70193
48142
36125
58577
94307
79253
15842
28290
73249
69873
34278
64678
58944
16719
74069
15143
86634
45951
77993
53317
21301
50548
93887
56717
79427
56223
46780
71875
62361
49596
27204
70962
63688
70890
51755
49703
73277
39582
98707
40741
36339
24071
75408
44781
21891
63350
28321
33340
12022
66264
80832
25360
59456
35548
31640
73989
58747
30847
44089
46846
79274
41006
60362
52790
96296
98024
75182
71925
62003
12308
26338
95835
99769
12285
53108
21417
89592
47136
33817
60362
88769
43819
56608
58587
35225
22600
49941
70115
37446
11104
66045
75084
79561
26883
76822
51390
19650
59342
36164
45828
35634
58141
46579
48276
95880
39082
75600
71642
76411
89910
42127
46097
69317
48655
83470
64122
29973
88704
13756
78738
37888
56192
55650
53549
31745
50272
56744
68702
12065
94115
50369
88863
53760
64925
79334
76500
24263
35729
40015
21572
62234
22266
97536
93800
70953
95913
78573
18612
78722
63238
84743
13532
61349
46126
63835
93205
97927
86008
98141
23731
51077
56802
59546
87458
43251
82825
26571
45187
35546
23386
96932
25103
92295
29097
92088
32921
77595
92405
55976
27108
52632
80452
65050
62342
13883
81791
13053
89237
19272
17154
39239
42009
12254
40428
16829
76886
58058
98762
23344
43338
33121
51046
27033
16259
23104
70585
69887
61309
70546
92745
71199
55197
42410
65525
40498
61284
80290
92116
58535
32974
26119
74876
96895
11262
21486
32444
12110
26177
93912
83733
83240
60868
62505
74124
95537
91646
85194
21336
30636
99328
89089
84217
47319
16222
15527
51559
32402
54751
21578
42976
60475
81967
37615
13360
20783
34851
59226
22788
80866
29764
14386
82613
33048
30321
16829
78527
79393
87916
28565
57098
72017
49915
19185
61818
99059
25068
46026
42248
67118
38015
85257
98060
92468
94929
71176
66692
29102
30001
20400
30160
41856
48739
89606
96824
24164
27961
84672
10817
11964
60133
31471
37787
32611
29100
20219
84450
55290
77641
78417
52003
66893
51500
85255
60982
28884
64095
35581
40624
37377
92869
48126
42119
10999
59176
54595
93198
63723
76354
90451
47115
56855
46334
53351
15949
35646
62719
63985
27555
20863
77163
57787
38640
74391
59099
16218
77617
95309
65492
98917
64640
18196
77967
61433
86086
91748
38309
92904
59514
71634
15973
79225
79218
71156
75426
52434
50047
15453
98092
17354
64753
99841
90854
97012
78706
74323
81557
58803
78198
25482
62258
50736
32950
19245
18771
36007
20235
33698
28270
10651
18540
59612
15765
97762
33965
17382
95872
78865
52726
61801
37014
96417
42762
47739
44409
41933
26789
64280
22388
26324
78756
80400
79821
83663
67710
84001
57262
37767
40522
51842
11016
39700
94195
74101
75137
84351
80253
38411
58064
30574
37888
58401
25613
71678
95882
89177
43498
37543
48852
28630
20456
53032
74836
56728
38067
37920
69961
28302
26994
29216
17743
75315
33090
33863
23976
72562
68630
78602
91619
47232
81082
19074
21941
97790
52808
89663
71170
27954
72383
59643
12762
50870
43340
78488
16888
53168
39962
21682
19177
34396
40605
68791
57157
20027
65597
43486
59737
87639
29641
22784
98712
55813
89674
87387
32077
74234
23804
77053
38257
23001
19706
89427
36811
68782
71961
21554
50362
52692
42233
43201
47274
44029
23293
17308
28827
54220
15333
14801
96389
62212
68544
25471
76723
35664
94895
30738
86941
62680
63061
72740
39834
18975
61448
36788
77756
64441
56613
77767
25103
54889
94234
44074
56312
29570
32555
90823
77240
74098
44793
17298
49598
18986
86734
28089
96353
72694
17192
99896
51827
91528
94910
95630
97724
51379
16128
11722
25235
67640
53634
96883
75380
41218
82523
11471
47254
85345
44419
90782
63205
91659
87598
16892
59342
14336
28653
17512
56669
89396
94390
16063
78114
18474
65875
96426
97456
61785
89826
42858
74075
53482
26160
46756
94519
37214
99753
27659
18090
92369
69051
81191
10360
79779
73350
46415
48186
10214
66431
44286
18297
91678
73825
54698
55180
14549
76891
29480
39574
60530
24769
97613
32893
73185
63920
10304
73733
77844
45335
40818
34967
87456
15242
66336
92695
12058
83726
33428
76154
45241
47216
10275
47257
14906
92794
11449
38047
48985
65791
73098
18995
25507
18244
42016
44902
29067
99359
89275
66437
58435
22294
94120
44198
95774
31413
81288
47666
64602
38466
26487
46502
69883
16323
63098
20470
40524
75468
88504
19406
50020
86827
52019
39304
87839
11701
35687
22577
49041
72214
48052
11477
46353
60409
12735
10300
88219
99013
61349
11344
26717
82136
20796
27294
25890
77218
25078
20986
73213
85140
13024
37721
87744
31075
90440
11554
40729
38780
62267
39657
38006
20798
95955
99672
24511
75069
23469
26641
41172
86749
88512
21537
91215
14153
90663
42210
96316
51647
24574
98355
98956
17125
21076
60643
62970
38952
22238
27692
42576
77711
11765
59169
91209
49014
94968
59313
66864
18076
12835
64685
22629
41727
97126
69967
25473
97822
77958
76029
24152
20114
93768
18445
21306
25181
93540
82343
56748
19774
97678
33568
60065
77659
64400
94283
79393
51299
39026
44854
59603
38633
39521
53181
18759
12073
83825
96866
18165
65224
73663
82662
95390
93226
42737
64547
87342
40421
22839
48142
18443
77779
39944
89536
87288
24479
28713
22544
50726
50794
50123
49959
29542
76442
24608
24925
77629
94131
37539
19191
20379
72184
77791
67844
83225
83521
41561
41648
65362
11603
30067
96734
56199
50974
75227
60031
10887
69291
38743
71715
35254
46642
20030
38157
53390
22842
11814
59077
83977
88084
23063
99120
25189
42301
79431
84603
70992
99345
55453
44589
80311
26825
22833
60946
66116
16470
98885
70454
56391
59014
49070
65712
59314
89236
46047
11143
14004
35925
42582
27410
58088
91252
31292
21005
28757
43919
27569
70493
80450
76250
36228
84177
75637
96110
89417
94525
19788
67831
92527
53695
79140
81789
54310
76464
47222
54172
34580
88989
10502
65381
83166
44093
12968
79221
33578
86517
90663
53648
45486
89483
19814
99930
47264
51796
47563
79037
72350
47501
79979
56365
31076
66588
91023
82758
50991
10087
31872
28837
28279
54202
84330
29913
48115
10137
99978
35503
41240
93006
22858
96467
20664
81659
59047
95004
63944
99549
69490
71883
37805
82432
18134
81069
55446
26257
98658
14802
11672
82572
59264
27582
28942
52753
76068
79951
63918
49972
70381
85769
81592
18153
73366
87520
86468
14700
62035
68822
24782
35915
91326
50843
83543
63590
92027
17103
89764
91006
16044
29510
71784
92125
53153
97630
38756
21050
72553
71043
86999
56373
81785
84176
74913
40881
74282
86195
37202
88903
95881
31861
25552
33567
75176
84203
90038
56239
95828
52490
53756
78357
77086
24746
19604
63667
92105
27720
13571
62534
90286
20762
97933
71734
93867
86934
80921
32945
16889
17866
64139
50352
79210
33963
60094
67408
88944
50658
41117
15184
65480
72729
28278
62012
73592
71086
22887
79540
24985
67362
10425
67448
68411
60170
92305
78892
71364
13528
59767
21368
63385
50448
40568
46645
97082
69952
15019
47993
10412
54371
88343
88648
77982
31492
34879
54685
28095
78466
45942
59041
53626
83556
25078
43115
22806
51034
68744
48870
27436
50127
36236
76245
39412
11004
34855
35554
85228
46727
13538
52072
87550
87016
88030
23449
30956
74230
99825
29108
66201
13070
92271
38816
44513
98873
66973
39644
53333
12299
15526
66289
52950
70916
62197
34680
16552
84305
28393
90410
96423
16464
74775
27380
99827
55088
52761
78249
18375
65447
16798
21857
23534
81708
91968
12375
29571
84277
58073
23943
60206
65565
65245
23658
50064
50004
14309
70131
18417
98644
47894
67352
38464
87801
69432
83222
96371
83867
15086
90869
76133
62260
77931
89775
95355
62443
83091
13106
84634
35488
91709
22866
18020
86731
55990
39593
93835
74313
70333
78852
19556
87958
82298
27291
66502
72978
56294
74008
55967
84474
97353
47740
53748
34699
22161
14039
59588
77465
20717
36263
67514
89170
81036
79734
10280
22555
99381
44913
21512
24554
31853
46898
28163
97326
34782
36277
42922
36418
73600
39784
64129
61333
83033
88773
44938
15058
65032
30779
22475
32146
85460
66916
22801
29614
34228
58159
67812
36097
59627
23063
20032
37439
13623
69998
91449
25844
78288
51871
13540
77263
29853
45670
98699
56478
46896
49292
68133
51942
32510
14296
34606
14616
52133
49621
92618
23727
84820
99915
46633
72997
88168
34813
84051
32074
26739
64920
95032
27949
41835
78121
81574
24110
98307
86420
45423
38542
24622
36822
42190
73271
52005
41401
61814
98688
21992
73836
43511
52386
12499
42981
55882
98091
21324
76503
85172
90685
98168
32275
81873
26032
93923
51926
41734
42323
82360
11585
84938
40510
15771
12749
98031
77508
35971
28209
55762
13902
52592
48753
72586
25229
97769
71996
50358
13794
65886
32105
67805
53976
38682
39733
38887
92329
78057
40257
53107
17005
96174
56934
25707
17284
90762
24384
29162
67387
47093
46465
69984
16494
19645
98398
57553
38899
14502
36040
10104
15059
88065
47490
67834
66960
19714
19271
49687
27162
71327
84065
28089
74645
92972
73161
35330
97676
22012
68400
34643
84530
94606
46428
81236
43162
30045
79201
83910
46405
20354
90150
13359
40414
41405
10374
12802
61834
91066
13939
54695
72313
70358
86805
78378
33647
62703
88031
97543
86438
71527
20639
18634
36095
89431
30622
58922
54336
31393
17869
86702
99513
12424
19348
54228
56302
11204
59717
70253
25427
96044
14863
90039
35214
53540
63971
78216
97002
47723
74991
71716
83998
41576
13093
14597
49224
28465
40825
81812
33801
72577
55062
19030
81398
99457
84103
73204
76955
12588
10457
16558
48492
41437
17044
78184
86219
60096
68306
43083
22805
93469
78484
24977
41629
96847
90914
19702
76722
89175
93971
75446
32049
38035
31700
99395
30970
62549
91172
82528
85318
75497
28544
70167
20109
66667
64503
76593
33098
69933
44826
77842
53212
35190
91734
20097
68701
25294
45195
87877
86971
98227
24961
65025
11561
97851
48431
27893
67746
98366
13930
14627
51096
80547
80049
23973
47977
68834
11653
14347
60239
92819
61736
90728
39675
67138
85611
18558
28980
34597
87920
73394
89889
17699
24467
41790
22869
69304
93652
49599
86485
59189
64657
41102
13248
13456
85661
41270
15893
57421
51551
14037
21055
32055
19318
48192
89726
67574
40195
71229
25447
79723
29989
83506
90568
99261
15460
25085
44170
44831
95196
55594
79512
84843
17694
77201
13785
76295
77248
63999
27457
63684
43161
24200
34885
39781
89747
48312
51615
86745
31710
94299
16855
48034
96292
60920
13487
55927
17996
46126
68445
53069
17818
21940
84056
32291
30875
78438
44999
78807
62537
28554
20056
29515
21025
96617
67086
89505
94280
77478
34775
13378
42071
49630
78560
92541
64339
88231
51653
44309
20502
11507
78736
88236
68570
18600
94762
35510
55938
57689
45278
88627
99572
18248
13087
14650
84751
42774
55774
31807
78400
39678
23663
32582
75901
69111
19052
41331
52491
30831
83752
11340
41654
95014
31810
54206
56301
35927
45261
52291
87434
79670
17921
85369
23584
66020
67150
55142
62441
58372
18386
63262
37301
74412
32194
24869
93200
77149
65102
69529
70642
25401
38768
41139
87131
84484
95136
97578
99303
44154
82254
94306
64116
30577
44027
42925
58960
77708
51031
79225
30717
28429
51690
94914
94849
24769
35848
66035
67933
69525
26512
34199
73133
90165
50260
85394
84531
44282
78347
51844
41691
79735
52181
53796
34138
58222
74283
85979
71393
32919
70957
84812
32298
97100
77609
35654
75877
26608
33381
61104
43715
62185
39681
98575
23192
89011
75360
70221
68956
19865
34701
80274
85422
65420
71229
66403
96335
33237
52600
38659
82344
70281
99455
42772
67484
71175
93840
30786
70670
25200
57160
86676
75000
52086
14902
15959
52597
80098
75367
73168
38584
14439
35643
95671
65608
57852
16112
90909
21741
13975
22804
39858
21536
59818
34346
76287
52817
58976
68421
54200
90745
87729
76779
48196
41665
13818
38627
41370
70812
21110
50130
57140
77457
58118
51748
40847
17363
98781
46961
49008
75323
92136
48872
30225
20956
48524
26850
91215
91683
85177
79174
14234
11506
57615
58100
48253
17491
77829
69619
37098
29794
86877
18788
83394
29908
29369
69278
69833
90641
83569
14821
47092
25038
53059
52908
43565
38456
20344
32303
71374
93602
75326
48811
97422
74112
27291
29785
14874
71011
24639
79735
28909
76798
98909
42616
17934
67806
68884
24963
93861
73395
33020
70623
68076
38783
45079
92236
28983
63762
82895
61024
64235
85208
60858
99341
90697
16953
96212
99058
85486
23143
80139
65741
46936
12843
34290
86985
31194
52978
96057
20860
58449
60727
59799
82453
40174
94591
59390
71283
51737
81434
91077
78485
77123
27637
56193
10228
81507
56821
63650
81669
27063
71157
68283
95814
72126
56897
82712
89714
49515
43837
67312
19882
44078
88542
24080
33379
87515
81406
74223
16130
34863
42489
76928
27774
29129
56313
94954
98798
51585
16245
66560
47592
53890
27330
27714
32983
93053
37402
40132
43291
77245
50865
88973
65598
33902
59999
57389
84735
97993
11320
85061
55416
83200
45306
78576
12076
68170
18696
76939
89110
17508
75100
45870
64648
66359
65957
66239
31433
72295
54995
57744
74029
10972
55558
23619
75979
78791
90965
37344
72877
87222
56433
88339
51389
27546
96937
84634
57128
62977
92825
37580
51374
52019
97261
73916
57626
44772
31753
83506
57049
42984
53497
93969
26182
90252
53245
27366
33004
25315
99668
25359
18789
73150
35124
39201
47140
41969
25219
87766
20021
93902
89838
34159
28816
48972
80290
44026
76603
29030
72851
57955
36343
92672
31579
51060
64466
56063
67490
86994
90622
99724
90072
37385
71359
83686
34710
50802
42569
84908
39032
83982
73768
27403
20497
42676
53193
79265
61110
66622
63276
81025
47368
36747
84469
36022
10760
14336
83046
20268
21773
76817
44124
10681
27593
45669
29716
28406
16756
27712
54794
50607
74213
38968
63034
63050
21702
47786
62509
69747
50812
10122
27253
36890
78455
41672
20760
55850
68654
46555
69727
34522
10363
18883
35587
90576
80543
20888
12739
35916
61129
12932
80546
75347
32278
85007
21977
74416
69519
61754
10078
35805
69362
66408
14327
70356
63556
39278
59673
14406
75330
26237
58115
45565
27044
40380
96934
19321
16604
16593
96940
14722
37550
13594
64660
96625
58266
14357
70266
67619
70309
75048
41451
49966
71765
78856
84637
75317
89923
96257
90134
31812
67552
22151
62869
14973
93833
66963
42480
47281
25582
31845
78746
15506
26274
84464
24497
17384
61458
23192
21255
56368
42654
84709
22795
67421
88797
49933
74246
97146
75690
37080
16987
19509
25145
69314
74443
90286
41454
89288
45113
40592
54019
53079
37376
94270
77260
66088
31872
88471
74910
56046
81714
44631
13287
45572
98896
40940
60478
71899
40889
89095
79875
32173
10369
42228
89355
63765
41162
68743
85397
40926
37929
77412
79017
21767
45510
30862
47761
29085
82113
53829
43700
72658
36101
61312
50071
68854
76352
16288
65709
66360
71851
82732
78157
86754
12307
33530
44787
74719
77586
74794
76265
55387
93161
54791
48818
51056
20756
93490
70213
85433
65719
63428
69324
66641
51126
45395
62120
15857
22883
65207
92502
40048
13629
86775
64997
60621
39655
52113
22535
67952
72902
15018
10188
90976
99746
90075
79441
84820
86865
14251
87461
12626
86408
84883
97447
13601
45462
93285
90655
32279
22208
88027
40272
43722
23800
78240
98990
66537
96289
34439
41829
54421
14002
55029
79492
65844
51146
86402
79583
45645
61979
74034
39564
54725
51186
33309
85944
45337
80703
91935
66089
15632
32594
77100
63326
40977
43489
87246
49734
78903
38408
49564
30591
85304
49379
73292
40446
38928
96037
81747
30715
96488
39129
17436
92146
19451
73170
56366
35787
89445
29491
27574
79112
75991
29298
43266
45005
87792
96118
38494
50352
63825
20769
16102
97912
93993
24977
84503
40963
32357
84440
72100
81756
81447
81755
89992
36973
91302
12819
33391
63533
58368
81264
23416
33299
81001
98629
36969
41136
99984
50274
90795
67210
85625
71503
89938
64033
11004
45013
23438
53308
76681
56509
30942
44867
44297
90064
60041
89205
57576
53360
46128
51812
36220
64535
56160
45700
70184
34890
21273
21439
99856
83519
41829
48398
62773
54330
13159
35475
19725
29830
87116
14049
69274
87897
91411
52847
86073
91622
13966
36310
58406
17839
44089
59862
62424
71566
41920
93644
45673
22772
47903
51196
82192
11506
87641
16875
23733
51878
32045
31157
36874
58797
43619
78566
25366
87624
64842
31288
86726
85754
82618
21793
29930
87824
29031
98728
65169
27464
67185
44743
42281
68276
56285
88782
25773
61222
84068
73097
10183
24037
30192
76967
82492
58610
49179
78324
81904
72768
49872
27224
78909
43387
61893
30903
15841
10080
69047
58811
81899
20751
24492
50002
10558
83495
36903
24131
55176
21242
27698
46141
95194
62892
39999
84287
27756
75970
52340
93924
17682
26754
37300
33653
81245
45663
18304
94077
31725
94008
33713
14988
75638
50777
29105
26417
89312
50925
71915
63613
15333
31225
73245
98881
66848
53128
38345
87962
66451
74558
33186
49478
56144
74078
43895
91863
68476
85419
66834
42620
63972
55711
59724
70102
54629
34620
98781
39523
22036
29098
64716
10208
31727
90744
73298
42329
66536
34775
52821
43969
32941
74360
98301
66381
46280
42836
27498
63896
70049
88648
66443
61009
12295
71112
50088
86504
11328
64633
55222
32117
10161
38741
25044
82411
60797
45310
54665
51802
71575
71191
79118
93324
85325
77575
13599
67187
74526
22687
72539
25888
38298
41623
17459
19801
97861
60326
15437
58948
24294
93631
28024
73630
98966
59372
61670
63061
24370
82358
69038
23621
10758
27959
10679
42344
23869
16478
76196
59114
27166
97200
30013
27371
84665
59061
82728
48945
39909
72565
66870
74023
83105
53966
52053
55186
39161
14327
16651
29699
10249
20137
57014
90873
39758
14412
74778
77121
57324
53421
14581
74674
63378
22069
18894
75778
87693
77179
98984
51883
33884
47305
97223
77044
99393
44813
61433
30906
27815
66444
23556
36054
87608
64969
55997
40960
77591
37619
22627
28608
34211
82245
17019
19305
55969
83441
41916
65141
43483
99906
98175
29064
96720
74238
20257
67950
30105
16783
70953
97309
31194
14562
86041
96970
38095
50391
64536
81469
91864
32708
91310
45246
57882
66186
17864
84752
32837
12613
97609
69574
13334
22250
86916
87206
18852
33461
21344
56372
47286
26307
23566
86814
60747
30755
23734
56228
57203
37729
97214
52849
46646
70543
38664
34532
67628
64096
43428
33232
49955
78950
57314
92318
28973
70924
40037
71906
29333
25121
14105
53813
15436
38985
78185
81235
90080
47572
89570
25070
61361
66125
43335
86293
51659
78658
97569
85367
65937
67169
99254
40091
70529
72300
24451
99644
91966
88713
51384
24630
56389
62343
90874
98033
31620
47632
89398
22759
74422
78174
56937
59827
83930
71255
33358
25509
63017
47713
17783
90619
14570
18465
20743
63289
67612
16106
20137
98359
10097
77923
26811
47053
26375
73124
68733
41165
67118
87694
72220
45004
30385
16686
91686
45561
44866
68697
91544
66999
32843
59844
70684
65804
40128
13564
78982
43149
38363
35467
79295
65495
40518
19956
53001
68909
98811
91212
69296
29012
69035
97065
88299
85614
22571
75555
67540
76869
23348
77809
57005
11347
46717
40277
62512
32689
79818
11904
96571
32244
57004
25343
83014
55027
90722
91217
27099
10453
56559
47235
23464
58099
57890
56743
16390
95692
40238
33307
85130
39682
48424
74398
34547
74392
25611
11935
46706
82823
11601
88588
60675
45620
74978
63486
55677
52593
65135
13625
90381
85123
26987
29096
57796
38265
58519
38397
23272
31291
52052
54206
59519
43411
23102
58893
17359
72366
66080
89439
65806
69442
48633
44691
33996
33309
20200
72959
55433
30453
35553
84731
18217
94968
38818
84932
28145
73899
51749
60495
50005
83753
33965
74533
58009
78739
93288
86547
73575
24671
75662
58235
94474
58022
77825
45079
87196
77887
78566
47956
80759
75033
11594
64809
87442
19610
24618
76838
19228
99977
38703
51555
38162
41152
17575
79464
63892
95754
21207
58297
99501
27961
43548
83976
36472
24608
54822
24036
79722
68135
76690
52768
93803
31882
70642
77982
71674
42103
37388
97439
63814
50473
55362
92164
32009
95407
38505
42781
89865
45404
87654
88246
72805
50883
51828
94629
32204
65442
20660
85231
76940
52993
36791
88947
74498
21815
19372
81305
13232
11920
68496
90143
46872
47280
33241
40292
43883
77726
19992
83091
39828
24753
66226
32909
64356
23869
79465
38352
46535
31466
60751
41433
11682
50162
63346
27697
44442
26374
72115
17308
77580
78413
22127
49496
32476
43782
65342
42680
89554
91171
31697
33101
88075
10692
44510
68973
43570
41203
63179
32649
68702
10498
58240
38689
19771
56065
82089
93607
26835
30686
26787
42973
55581
18431
82519
13734
20810
53132
59525
93109
46020
39884
95173
63351
28386
33736
29941
76592
12117
13538
22713
34730
11947
68192
33921
68014
19085
90428
97642
19219
10243
85391
22015
80462
99112
27548
54658
91818
48776
54043
28819
79068
21264
22206
26353
17682
50233
98154
31001
18432
37112
33890
23222
55328
95554
45580
78322
93699
98384
10069
65732
77294
64410
66696
41937
88811
35605
31872
36909
68780
96144
86711
79165
47201
21754
14426
57961
30351
32654
24578
57528
81062
74614
81959
55590
48131
12020
35330
45106
71901
35242
16567
82504
75840
85656
11470
40742
62830
36994
40399
25244
70133
98973
18647
51343
14592
26239
22551
95011
98327
68090
69573
77442
29697
54690
47398
30635
46903
11953
21514
97198
44822
67163
75851
36394
73883
65141
55788
77735
89403
52219
18132
66213
37861
49357
44082
83584
43343
47581
35159
75064
43749
89999
51526
14786
32237
34018
66519
26243
28885
42189
46499
47781
74780
34501
34344
21254
64389
81053
35721
67386
46504
14427
32744
18398
67128
83216
56842
98012
54382
29340
85512
65822
13927
46786
41172
87335
24211
93134
26221
19698
30488
27356
42517
85027
19121
49666
94067
29619
28737
17922
84228
65355
25934
71052
14266
50425
57122
66976
99711
28199
18409
73106
31160
88429
15600
78256
85535
76517
99069
89791
95188
92771
31328
62157
80932
70418
38014
27257
39501
30075
54450
55972
62547
88561
19797
83029
21504
16944
92134
86460
67069
47768
63826
26041
18070
11516
70087
45261
57235
96201
24755
30751
82467
64929
51138
19826
25644
47115
50736
69637
52513
77635
82493
87414
58575
31746
91919
95078
63416
30664
37946
29380
79725
33749
20244
66379
22230
29898
13151
94812
96851
25789
33911
52573
71378
40607
46575
88689
61923
90579
49608
27950
31977
19734
45810
47130
89025
44569
53147
28965
90886
97815
97656
91266
42792
41748
26233
42607
53744
63159
10046
57437
76889
71332
45405
43423
71445
95397
85331
90356
65841
60795
52547
53971
73222
88606
21134
87956
95990
39953
76657
34660
39491
95232
36363
72550
80487
48332
80022
46021
38958
30957
64294
68637
17415
32754
24278
30516
56855
54600
65453
62118
65459
30225
23943
59314
60185
84445
58370
61987
45792
80322
24495
64134
81179
42361
82241
25213
99879
96322
44820
55836
62142
36636
60186
30018
16850
39488
89988
51998
73696
24602
74916
65164
65124
54429
64572
51715
83086
17621
95071
66642
84331
96269
54917
83589
87787
71181
93990
16237
21285
31485
19296
59832
41466
77317
19422
12775
95241
96006
69130
28587
49663
94932
50390
27364
41318
92639
37582
84621
35128
23659
65447
88269
69979
70889
47371
80367
45307
90504
85820
79055
20146
69915
35347
65760
78972
25918
40264
21542
18019
60086
96973
54508
11583
29489
35175
36178
18359
82594
89034
62579
22208
65426
23664
58225
83427
79980
34146
23685
91101
60152
71117
72382
69415
39829
39717
87658
29486
23656
15269
34884
66859
36761
42001
68985
80802
24823
84222
45607
58844
61307
93719
62056
91186
61189
73185
76815
27686
89885
66585
19130
30039
34856
52109
21675
50729
61111
10732
99758
68189
48864
56579
73014
99747
92199
21205
48223
35404
69046
24189
41093
30525
39514
22994
15974
69173
88458
55820
59912
80967
96856
19924
85077
78335
25978
52691
35924
66240
97288
57005
26431
20749
96479
32390
67899
84607
22555
16945
61543
64854
83066
95152
34419
25397
62112
81293
25339
82562
22854
15072
18411
55304
98734
93462
91523
13381
91931
20682
24872
84040
94253
25589
58180
24468
56817
45113
70052
79078
95929
17135
82393
70297
99150
76412
38122
22710
85276
78579
64869
78687
61853
68602
61075
38862
34192
28166
55250
29984
14538
87713
26926
74969
93102
25155
94257
19667
83200
34943
36963
87108
27167
92979
11960
47729
48166
55240
58772
15050
25543
22019
47071
25676
50257
13017
42926
53450
97482
61771
12003
73949
33722
57247
19125
60504
67331
62497
19711
29799
99879
40641
24574
47162
76791
87614
96894
28286
31232
39613
47074
88649
70834
55073
80016
38901
59251
10674
41712
64213
45069
84193
85027
77668
45162
84964
79139
78278
66743
48968
36896
56462
40613
96748
91496
66673
16492
15204
96944
15059
79389
47315
76717
48833
60721
59791
14294
33898
70820
71947
41765
46975
80436
41043
27519
55337
43391
29672
77536
58382
93228
49165
44739
64842
30733
33327
42211
85391
10962
72484
37241
93004
80810
51016
89153
67669
49931
64268
85538
90263
25373
85158
23180
17166
17572
45739
75855
35701
97143
77355
56810
71029
80225
90316
68209
46695
90268
65294
92312
84761
71118
71355
57261
82311
43264
56214
98648
76220
53064
24668
42978
94152
44764
62483
50344
95158
64012
78214
25762
61361
73298
46194
51960
85078
57558
79818
61750
67445
70057
36418
80164
27525
67363
17423
55550
59636
44633
35922
91889
80734
75077
96052
26833
33406
56098
26827
98718
29359
40187
66288
21269
67110
10256
82397
85260
96835
20672
19546
29943
63719
70787
14055
52212
89545
88329
28272
56222
36653
70913
46690
45219
43003
41043
66749
47710
81222
12660
21173
53442
49285
68738
86788
40322
12058
29320
54264
40057
22473
91618
47403
34128
23657
86916
80585
89530
82660
42714
19779
32624
29232
61934
60902
27744
28873
70367
92232
87464
46772
19156
56058
30243
31462
94810
90029
99297
13240
14668
65014
12837
35768
73444
61708
35776
47529
10930
93199
67383
60375
58899
48300
16575
61511
27183
58300
70417
68864
66255
78548
86509
20215
13302
70924
61226
30726
75548
90189
10575
82552
90563
12599
76024
29745
58410
69055
45907
