4536 6
415738
382805
129283
980232
272813
274454
183271
600074
847195
770566
257352
400894
318276
558212
622385
270621
746924
664308
507771
522647
307694
676993
644494
173730
580764
646021
874074
161249
454882
414417
688192
799037
512888
162179
142694
551905
308204
739240
877265
939130
341196
131831
832835
387633
334790
944750
850736
690151
993638
631561
250732
592863
584597
570572
675206
439635
873767
771009
461919
718408
306733
180692
494943
835745
852973
296299
634957
316831
275401
549858
454161
518827
254030
332298
937206
830377
726541
490786
567046
558285
281846
755555
743178
604771
550042
978437
922359
429031
205145
877674
782782
497565
694240
132926
208499
234257
656286
884953
956407
118332
839108
720498
500975
134836
781519
267692
447815
805824
584152
542768
270122
827223
969264
230239
139915
235930
816025
840345
892102
224231
722432
357173
564121
385318
275277
109075
973825
865022
188754
938039
826169
984125
246881
147300
550874
693630
956982
559040
474539
446849
671247
379207
956867
727801
829128
369091
968223
959655
453351
565533
149291
121004
259400
416956
792520
726120
875642
220350
399765
865526
454066
449297
746506
967275
604840
483374
906924
790643
319181
421601
581221
866017
869558
449465
350879
656333
609412
487023
786790
136865
392741
801178
135834
317004
123146
170035
150436
220435
411810
952952
282704
306343
709381
489721
631977
645989
394422
418702
182320
115328
534614
697508
460484
997349
542356
323259
823754
111464
452070
950608
732627
349721
937682
973179
503960
342562
122115
619168
501256
174807
113661
445564
748146
787110
628031
365838
935600
588036
133636
877665
871692
823203
467310
916103
929506
324643
606443
755184
545985
466575
910630
131647
221580
755800
828124
873806
179211
260191
636301
644405
665324
734849
459471
485617
354263
358026
586084
916092
319133
245898
911336
357033
227693
428001
543113
763397
888824
503301
795454
369518
335180
613600
785025
568362
901141
777026
138588
916355
931686
787082
560070
619299
253865
673945
915858
427604
999421
265759
869406
628909
729391
716079
533772
541875
228211
248408
712166
466372
441482
840510
495624
292879
669273
468514
122465
166334
714972
437106
744068
541583
533131
386293
954374
517831
520746
152406
345747
589720
369883
958355
215495
858768
539855
118915
976335
911146
629236
672160
319493
608501
789403
865362
899474
394532
199777
881458
129571
704136
177612
143256
551530
854652
321665
567504
570072
632054
641735
464461
268575
533720
260429
495398
175660
990109
351638
716478
505431
163960
796638
533590
523436
980334
110807
581666
342608
656139
383159
408748
868836
220062
186958
236415
543498
414205
583067
464252
423067
653025
185768
578786
733769
945770
607447
650176
768889
667391
150746
118053
131162
814372
267201
972295
439935
812078
621522
732398
576346
143211
663762
149334
626766
123156
445591
293920
657039
848215
945755
480130
514274
840855
463046
886393
336213
167657
943237
547446
419902
395294
190129
684561
894579
703502
978729
387646
745732
255249
678680
379790
314724
685357
352864
532510
451745
842513
954812
647432
937654
825617
474372
808652
448989
801313
665194
586691
683067
169951
813644
785220
470964
162948
376271
853107
236861
428051
824912
904735
295375
584476
741673
825908
437425
638142
175956
332647
402157
607898
244550
389983
818128
376966
263564
611537
866150
943567
344757
977831
862756
160030
559062
516026
554128
306647
672713
652528
251535
398455
680662
565705
749591
389187
448778
337283
499207
185302
919723
441254
789334
168221
940163
266307
197101
138249
284483
401791
556707
631803
515446
423535
407196
953705
817921
678608
984165
273831
589759
598627
330559
959076
856100
963381
429034
120939
725786
253446
762478
670763
588801
340803
846168
958525
411106
329383
702580
208518
207279
999792
536632
352052
718033
346048
108204
751084
239883
776883
799715
649707
916018
421130
923765
577294
961335
324700
407908
470425
898909
164248
248510
318608
762466
456133
431371
845711
590571
100284
144082
537001
353289
198156
916840
319341
560075
358859
821924
248341
814434
598415
848880
720525
741336
493645
215261
637516
928182
583623
826892
837646
678410
811415
617893
444471
486147
793740
414177
818286
991912
326353
984906
530524
578210
439857
327228
282229
807951
510361
369104
935162
582344
207872
170548
455725
411016
160840
650313
652353
406537
468845
748472
682301
781117
795907
696862
188212
940726
166636
436544
132037
907034
703803
746517
448956
777130
640001
234278
911789
952437
272854
475047
133470
289891
376875
599594
447793
756115
848499
555447
156027
287527
746116
724148
490993
602382
274158
520666
614340
636976
698868
917369
600166
559823
610511
318734
226279
929853
595830
873475
549159
437398
292071
654129
991035
751984
543347
300011
983927
292306
758944
193411
152646
244954
765253
850035
600281
111597
359566
424037
841654
469038
923378
499385
820123
701805
906415
732161
746511
954236
394575
526877
863848
403117
725966
375971
539364
562269
937398
155806
949735
293703
171345
156984
244639
634591
257133
699937
887233
422811
585448
281166
352454
996825
181508
860897
996592
339552
706882
694142
880126
366564
331550
868033
971546
313583
550091
158950
566838
398138
312385
205971
960706
441900
789466
805523
960581
285142
909588
620219
500668
928326
282837
132290
680879
926557
797159
529144
503708
376267
202205
863942
860070
467135
719016
471568
840572
320770
128518
315586
816526
502979
425720
222039
527091
449115
134483
519840
973002
651908
592829
971777
920508
334193
229069
127279
193854
417834
800574
467611
175532
579330
120350
822207
713906
562364
672487
773044
999603
972692
199224
455580
968196
251119
735920
932063
799312
599219
470337
290437
970486
450812
471639
925045
316165
511275
747151
612134
131664
677246
141806
234868
222156
520372
573975
327922
432360
486360
795003
550721
947370
917774
312361
575427
238530
977129
454980
376619
114039
789852
912265
972729
890796
153254
116950
269503
419259
393123
842005
139653
529917
925456
278826
418789
895597
476222
782210
848787
892722
717809
145682
742923
572207
504697
768687
222467
775910
686510
728834
652823
648085
662037
973935
771508
808214
783554
707600
752291
262114
961595
813115
849347
956883
712519
301018
546833
964593
620508
231900
753787
559183
992383
784297
684830
646649
376844
476731
468413
605867
257933
100485
750045
898733
356122
796234
410938
574312
885051
565455
245695
745237
246978
742421
765823
214009
855589
130963
566772
810033
903440
702476
783462
308719
963794
436120
676818
758797
645504
260992
866943
804224
776561
853698
903024
671481
849775
349766
273058
518068
595822
542085
161174
657712
251306
517271
519696
150691
323746
529827
743682
977242
577913
396735
941265
291443
933275
452436
174882
950726
254581
717682
901151
525246
773839
930809
388129
486167
981028
979236
948785
702699
528377
480188
802607
412371
137258
718396
524241
764695
534707
400730
575662
604493
471367
646904
490582
990303
716570
193446
970448
476875
236103
166432
881430
392648
101739
854352
403363
611146
742677
281905
439553
817931
135418
486362
945099
473300
501223
773879
929437
975457
844894
237869
717001
929209
171739
758444
712073
922404
796188
140001
371950
965062
273520
604239
131479
485213
595821
565118
561569
813199
161261
371325
457740
712448
980267
999140
641986
776737
825168
357894
421292
399433
725664
840983
704938
413642
318567
610714
818124
232872
977491
954310
681894
925916
974489
898540
843485
249497
183602
361467
659220
967928
799433
298586
960324
725586
344771
437870
622972
220852
284046
962343
982853
352070
133125
942521
208596
193678
124388
209451
816634
613290
404916
957490
842263
454623
230940
535599
755430
110800
873801
263833
456702
566228
481095
871387
738726
344562
309774
802249
821713
406025
673491
271288
361062
761862
996226
123474
386905
621242
944858
202349
902967
315699
889721
626628
758239
114411
154143
612831
515186
616606
307412
214531
453583
789266
283273
234248
984869
773316
379542
764740
691725
346168
734843
936739
855013
412835
166542
280442
801567
236112
311553
662385
837154
908194
632016
241180
865882
159335
379404
659583
791522
416649
314391
412948
472626
131597
542025
294680
170161
109689
763901
329667
120272
324363
186198
445370
472891
771684
235774
497393
570672
698958
186927
968421
788247
152182
264687
141351
173852
999695
887461
442780
361979
108430
767313
426182
762798
867248
666305
435055
325232
194972
457726
566816
532770
120929
756976
860218
299429
370526
572338
750115
159338
917042
723518
252308
694287
165480
564385
671780
718639
627795
163148
144275
902548
263558
577816
808699
391477
599875
610312
709249
550640
435075
341149
511487
937355
491886
797236
179829
809103
171046
152956
238435
677259
603844
556386
289081
622510
466009
813987
111844
298602
330770
875672
740463
304949
853095
281060
538600
674662
446497
741441
587711
789916
455966
299580
719425
744788
257952
878439
509399
359168
725615
403100
956481
207237
610098
529293
509957
435880
501744
263541
351577
961222
623207
994393
360384
516604
872297
300172
386910
352367
557242
969996
939213
507455
347443
839616
784228
177342
566417
596166
511043
546149
621104
156608
417604
126948
903894
342677
988419
552250
905676
974697
410328
334352
469773
883199
272557
324193
370833
673062
390246
225242
717078
324074
641166
732345
302006
853020
141021
933538
763660
889079
921639
890981
656161
322487
263889
231363
219673
529443
990909
832716
641485
965476
976158
752585
798026
627529
114094
375521
774500
367957
900003
540182
702707
984362
130447
869447
184649
587297
989324
307698
944408
610443
703801
406231
245716
641801
287319
409858
340046
347564
962722
827313
739721
398604
286008
605547
810143
871636
257185
800317
812127
208431
564843
339226
230995
279262
385593
323312
613495
521437
497817
760412
703498
923428
512658
206904
840319
273532
306950
880009
384841
163205
261614
145081
573082
346081
111114
587574
844348
506864
277969
145186
533672
498242
590021
800973
833947
654196
567866
848381
194380
628619
645240
853187
248400
418534
705276
642300
456716
681783
538804
148314
485428
149995
400404
754022
123486
245913
821485
109041
452067
374358
298101
630006
766471
527661
162598
130328
680220
810240
544657
592217
708146
371434
778510
366781
993860
262391
423218
768756
628686
764602
114035
487631
766989
319649
964632
887007
402755
164112
202228
622090
676816
581429
899063
200230
514716
819227
590726
111899
974854
578882
185339
509397
224855
333346
658625
905353
778119
802832
626575
237243
595530
930227
166726
567815
577737
804390
675989
191901
778233
320566
581906
704093
178750
105561
525616
322472
601178
842699
818345
699025
782660
683426
931420
296102
642624
541678
389167
192324
770907
961024
215970
303494
535247
989907
410311
196422
418037
468553
963041
525079
679898
173056
184462
519505
883507
731950
710683
542370
934490
263006
159074
944628
269188
922026
233885
759477
746942
391090
227862
748255
667025
295648
814045
505051
387008
493597
154203
624598
936809
126251
501788
171521
626837
698418
757539
284444
701607
168072
540503
517463
564852
965137
962729
393400
539078
349860
429573
839662
190829
612349
973139
326612
864866
807103
735245
621403
821124
745062
375697
937690
337293
971758
416678
554989
963970
133329
753620
649152
373528
904069
221621
511964
402941
875122
441772
794654
852815
500293
122306
809879
412527
104885
886101
569470
947192
888415
335219
140067
277325
331621
368915
404680
596898
723568
221842
162908
555352
806502
653925
240371
910627
248099
248082
511007
665363
106647
523021
260231
416851
738352
155050
515922
470558
372893
921859
808834
355565
114704
282734
830617
724326
892458
146055
759581
626114
656241
180263
220245
347833
724229
633502
336493
261652
830128
780995
398256
130128
668320
145880
949836
902861
163173
109198
779491
280767
502331
587581
961987
934983
764741
959188
405512
811663
848174
920462
547065
436900
509876
221619
939874
474187
880798
844699
618224
265569
753590
457371
372710
942631
627022
314413
410426
942828
505109
566372
234244
749871
549094
606184
313471
731325
528033
940430
253794
622899
989367
759910
611266
888371
566531
827866
331255
481076
416194
216558
365689
363613
841192
629985
369810
204276
487658
995534
204681
847003
293988
620200
739536
630795
526917
746315
217991
795144
885741
404048
593456
653822
397221
882785
325868
394730
813272
961246
200141
175282
271355
450200
975084
688814
543107
779401
516482
770316
901614
418145
923704
387804
288110
319771
559811
663118
806690
867483
711003
737305
691710
486710
589535
867348
424011
363618
541370
827237
336196
806717
909939
939466
551274
992278
378839
511294
226155
531837
781071
575299
728664
976722
647780
658459
118249
113149
683924
555625
751756
434496
202170
739393
776331
449889
758920
248926
282625
652996
299687
214140
645003
104474
201540
814529
835802
821628
378519
758483
658270
395597
602626
771763
621807
868232
331892
169090
476211
767803
888377
411883
140234
728534
959109
521730
252617
753676
434728
958633
616976
348921
272004
898858
817076
149338
819173
737198
739959
355365
265750
280315
472284
520895
404552
873501
346376
781017
413000
284340
485643
423481
605357
303841
753091
839609
236978
696106
466468
671852
341277
868778
423949
996082
524575
861215
682732
134971
322266
328361
263721
593192
181372
825519
119460
953075
429249
822623
796708
924155
771339
859007
424289
852318
309995
366472
517590
765629
645046
267947
160365
563833
742144
543744
539058
947617
995342
647012
748434
699972
845014
951317
884116
918358
884492
215092
748964
726781
352287
554877
420912
289621
868154
457429
755134
155321
628604
424499
395231
488731
734519
431061
652429
806752
595939
239366
439921
127129
548248
484361
422511
275415
974586
900570
872342
678237
235802
897473
189116
240579
589351
253724
486938
665808
976226
483203
414200
935943
607857
447435
411719
967750
373000
716047
187121
804476
225756
781235
898555
406681
880455
503872
926377
426809
254111
450974
424992
792730
393993
680795
274946
698139
761701
562083
955152
445130
466354
374123
857922
983744
916062
605347
411350
115316
147084
705087
216088
667861
942836
821027
794253
424066
211438
811918
722781
319645
407688
390201
430335
959700
976348
977815
857205
544197
385999
548772
212991
722751
447235
124568
333972
671707
398998
800219
451950
319297
788068
331044
341903
960886
185802
309330
440865
743353
224791
241710
461471
622954
320104
744681
511064
588726
397898
531266
280722
441072
936247
764973
923633
585316
608120
807035
693176
588428
468980
738808
272140
235637
655891
955514
937287
686615
508766
732419
865324
416259
837598
404602
268991
123618
341125
277960
414858
669676
652904
315833
270776
455016
912613
198215
475674
105698
210169
547041
711492
386754
146176
651767
195040
170885
103209
992475
272476
762439
916752
851965
644631
932608
393837
518569
775816
698092
887585
178869
969420
668340
297317
818629
287354
233051
294034
926945
533076
187969
802005
900168
440322
578985
105797
479360
221348
503142
446579
773372
102869
736607
242209
197751
212807
426830
387210
783140
245457
910120
308322
356257
689530
987670
455960
864432
963437
772471
356453
923374
841661
111115
166992
675297
534457
595215
939369
454546
522772
109969
991625
481406
370990
476049
749040
599545
175093
297983
836172
531872
592882
924393
127338
349761
350968
177925
199538
503561
972272
981009
210881
255997
701981
585859
390387
796156
853501
599937
529649
720422
997741
609529
669617
697491
939573
427433
449174
802919
723688
886873
690910
595818
697993
816576
487867
617816
805791
388275
635018
582499
660058
341367
933789
490583
817233
914696
445908
229609
193584
567499
344343
801613
307808
162000
328084
267023
300022
858857
910156
692817
421760
387016
278709
568916
462662
368553
701535
440204
399434
269144
601702
326472
948512
391559
851396
245529
977125
561358
158390
955149
233519
970538
410681
466986
647288
181736
764019
459321
730528
641090
552974
134458
971871
314821
122448
479446
203700
162074
544669
737504
723193
186594
448079
317861
285755
727233
485120
922915
741298
860317
156951
179219
131020
718999
397060
621808
725411
651097
443092
516961
971549
197955
922421
248923
178817
223299
554090
424084
528877
280951
693767
221175
283432
656826
394793
185581
581811
904714
447088
683440
658965
932845
877692
732782
109778
535218
433821
145383
646513
915149
285918
651169
896366
723861
389452
569346
835248
714586
746686
558312
984078
924363
798917
286266
285026
290052
116984
412646
131937
537638
929522
701406
335415
846990
449482
568248
735725
194184
874676
243968
151679
274891
787002
237599
724694
178598
135066
317653
142683
768390
382864
520277
569449
561122
437317
708003
886546
598164
213664
659150
946649
212521
841617
535292
493775
282091
468659
218110
228747
790799
925723
596375
243502
992382
146189
314593
635586
383231
142729
561599
276339
913307
310929
215783
290121
875405
908243
181304
156934
780155
241137
645501
150873
864268
687512
891199
948984
164876
683825
823755
877438
924051
795347
583509
558726
313120
950835
861214
198541
953953
527577
610359
638383
179708
218728
949721
923645
722081
153806
923704
836634
699065
864014
435772
153697
765265
835555
149496
538899
399527
417021
351473
232562
999594
142005
538472
478162
316258
165525
580591
170178
241477
484122
271162
598534
963834
140112
618851
532689
651611
456546
791157
985133
229195
297630
135992
229111
997295
247778
693823
564465
640315
479540
355528
130405
536337
703103
555893
729414
142696
783738
466142
254536
596315
700891
893681
883016
503357
228807
148074
232887
574560
540675
352874
139006
547652
792581
577814
507510
179288
103382
712431
745512
777617
255476
231704
740571
833099
715567
210709
749121
701414
148285
414848
889228
874920
667446
824065
567005
140539
317975
956659
158171
476569
103663
386692
182546
425177
658606
711819
498089
756264
939405
688258
797835
859193
658462
209731
704699
757877
868445
288381
852315
895510
586158
523307
939112
566673
114364
884602
450589
255492
640779
931789
520087
919225
911624
174543
520312
972749
461480
336699
678146
925462
403065
485369
715566
316380
584919
863755
647337
954704
869209
966752
355462
311533
629496
779989
640172
564987
953903
372742
818358
790893
981632
937919
846641
718293
789691
267127
931364
116282
125872
747464
249931
873934
393699
993441
227595
488397
812314
939455
906512
622905
310011
908314
649539
464787
552700
458829
585716
192409
716000
368068
964100
441084
395745
814687
526107
181264
185021
443045
860316
836314
900947
409631
586954
245001
139498
972259
388715
908969
933159
279149
741548
132691
162950
963472
897253
922443
104990
420969
674539
321307
844162
134558
867818
599449
327341
287636
635004
583908
252179
451298
693511
258026
691680
852882
330333
758261
291714
784514
816314
268564
510957
364785
452986
418230
549058
707916
743282
740384
423817
795048
628916
233857
369456
676317
151346
460479
343562
125228
545194
864893
603814
420628
468737
439932
423288
349700
906197
903104
368369
394011
923532
516196
737138
822315
944175
998673
974113
851570
306243
210827
162818
985825
509309
816351
726714
967479
889450
210625
350321
923975
638517
188035
928920
652269
412539
705431
169987
248484
534312
759702
880437
654732
637738
818845
263655
300061
635191
606512
245439
957640
237133
912599
412157
383015
726458
262522
684623
397111
163397
633768
984305
290630
880764
279979
864235
472160
666882
548386
370065
171161
150703
589336
190624
890655
390511
178641
704145
847494
790083
131298
809518
281098
403961
154517
318414
858242
321827
266520
505351
116044
550068
710612
425714
342743
628901
715816
327878
169693
177132
303656
955487
815314
272215
853404
983326
136365
508195
154010
775057
721227
368704
333516
701856
993652
575532
339277
644669
340352
902003
712372
267674
713883
913984
564673
874138
404659
243721
241162
164494
546182
359811
202137
589174
399313
210609
606773
610736
229265
594971
264303
130935
193244
837841
342616
271928
400592
906402
182528
741604
687707
504116
525940
253017
542223
682892
242877
149165
253228
879548
906039
134400
460132
404879
200874
505135
311196
206860
431789
158501
388994
134959
537287
631538
578679
853919
618691
729783
238814
414440
640175
992190
248118
419938
550261
973333
183912
705782
273048
371320
605901
410423
971756
830440
831064
395109
531555
204672
254651
746029
297156
775528
215520
468561
429537
324840
857274
428082
860514
479396
399870
847102
152364
435788
387562
165553
282049
888548
614449
664991
107507
791604
906199
267164
697685
464407
319450
844376
704843
495036
142362
129035
164081
445190
619602
398506
394483
608845
197284
474288
876613
933381
365132
325040
377983
195574
922795
983001
607100
158134
651486
650620
599266
224029
765442
415450
769808
134211
303741
975114
602261
839826
638705
310964
306834
999218
561707
567128
977774
839940
773789
615659
382023
542603
171640
785015
366090
335098
643852
970085
997074
975040
637952
460382
579563
282985
456219
710569
990283
804976
226727
289289
522234
833985
978923
368425
163900
866330
289146
609378
492850
148075
167270
498893
494034
865111
523201
959173
285107
144915
762034
148987
207709
496503
830594
892990
491587
266649
644191
478825
861194
965745
310377
158978
566002
358422
218845
279498
924045
304483
373800
586924
286229
993393
138980
206551
682043
459646
434009
544078
920082
424075
921686
326509
554064
510703
118703
677727
220588
569743
976781
487620
363262
864210
729563
685578
822117
692688
691341
194559
691320
338633
823788
947144
865890
898169
791039
491885
587025
886066
704832
483108
925166
238450
564949
967677
245297
693203
941004
398983
921320
220746
795803
131078
935936
483604
746807
421527
947521
298410
440911
448411
241104
554858
335271
651608
255397
595944
348900
761642
536111
387481
715998
607260
402874
377777
322142
106000
931353
355125
832497
250777
348496
418190
429777
647625
511000
900660
603856
917882
761048
696282
110982
818465
859145
771984
458079
346936
469225
841063
274293
678467
219532
957935
912524
532600
496609
199905
790685
396503
900226
500683
900689
182936
534850
142390
330862
399865
846938
382957
825091
447768
354834
254171
745033
245204
190940
831861
157630
581723
502238
547778
276477
229848
511060
776672
461482
916732
741519
202478
517977
632714
791936
739951
809500
208369
356845
991247
485836
786515
283252
179835
962334
863487
908814
974580
842105
761351
181106
645912
827658
431463
604939
908006
638348
666159
881914
664569
655457
197561
410395
567423
315310
894926
489709
144261
894086
647961
859882
358245
493764
530433
375319
433522
557325
437758
438493
376473
571987
125931
573769
187003
715366
351493
329792
115611
193089
349206
298330
751834
473888
367760
332614
663659
332474
734561
217988
426807
537193
765881
388444
761220
107298
776965
161213
466590
714957
774970
385317
729093
632144
724315
878485
174737
576809
413777
246584
471837
617305
480622
570592
347160
564892
839075
682567
165715
241192
817289
354462
359044
744220
614637
318332
774262
871788
697452
233794
122278
726197
859137
533875
133040
344031
834803
452562
437258
358251
797873
899851
106171
996591
702725
925990
903782
938437
917201
193725
138322
980430
799385
730966
195526
805499
287202
975435
264898
133502
171299
569237
686413
579390
137091
290729
336892
503838
923717
745357
737489
973220
151627
627090
666182
521937
782140
464693
687959
748194
243635
857372
399250
354676
658101
637511
934860
624021
305457
371333
315111
187692
897837
914557
388437
321530
474638
738017
983979
716217
995849
775032
997687
778325
537126
192600
501363
455202
944252
272574
171356
636768
975546
654195
297531
703103
509150
917849
890189
751855
694031
130012
133054
274024
218429
907238
558646
984310
975818
507505
552797
911171
289487
342981
952671
306241
697199
271557
836971
950039
751668
645693
739226
669138
958591
688369
583225
892548
899992
222926
714952
773751
103110
567770
941333
486808
231882
828948
691181
531318
475520
116857
225545
158770
154345
998241
922398
901410
649829
992542
402583
131464
412523
910984
763027
424202
228070
978533
642795
695854
689911
323969
284352
135470
375957
866280
995354
728596
652880
549075
999234
991044
711623
916459
614712
554358
636600
555854
164939
161547
398524
943001
950542
377242
581872
264693
247417
225119
734138
130685
612262
926672
626952
370766
402989
852867
751066
286149
190117
418467
286093
173461
247229
438843
839959
277376
154858
594281
602929
364732
711368
901864
271790
939496
529847
759774
273190
786720
121023
771803
670050
606645
674703
421836
240268
671083
339633
210890
551997
348692
933615
370356
487796
571728
615598
279830
499264
247393
852516
763157
349279
785135
904763
770001
932877
564278
543748
935451
916953
405544
675793
647699
430405
997280
553197
982073
383332
474034
307500
970140
525731
325638
677395
521781
622073
208768
887448
579609
446368
330964
261297
487556
875170
662174
317209
854290
673035
437013
597230
718911
117435
795212
772100
607639
180789
854005
926727
787816
225434
747187
642701
936259
660966
437459
131453
216706
150585
338461
449614
293092
875124
369890
451428
482617
715165
662529
827828
468421
655321
573600
220927
331174
954893
415534
736388
821983
248971
125784
477005
368833
191529
137563
869161
300074
570528
840746
172874
550212
530315
150987
311737
312914
560027
680537
844577
836587
376012
440619
872172
342324
431110
110187
908007
577313
509111
100412
295268
161136
484106
103519
452296
564741
361166
139057
598547
654659
960622
718614
314233
284102
336822
292138
979067
800238
152131
847412
338752
566509
868227
271289
552853
850153
323081
726517
494155
982010
530213
178581
862226
824411
490072
153683
974086
630655
622297
297478
212856
687910
525801
451599
105879
156859
304633
695569
831174
364980
281578
501466
493827
969395
598223
243920
136020
506195
117392
119163
324477
547470
393804
459355
318484
208937
428954
804973
433481
193227
820452
256434
173910
987044
258178
338442
979438
748533
192968
774427
773152
881606
141774
472454
685675
916252
415191
531181
310312
630846
276418
374252
500830
513069
919486
471843
202785
105681
584850
260383
559277
583528
169188
603856
232701
207461
631497
705888
333122
428172
444046
469506
678078
548138
457977
662477
176176
705066
238207
983502
616349
649551
157773
737403
894130
863105
378238
312438
806917
632414
755299
445220
846159
900752
266173
836609
429011
225873
190188
825939
519215
590174
505747
243464
107094
276758
737348
909314
992240
755704
965369
868467
628649
104937
777191
473160
126163
981089
390268
689278
958089
560389
852664
782327
613341
298707
665191
284608
739552
782005
978356
644863
198404
169398
406653
841960
776651
696004
929053
668562
877333
136302
290033
990596
760636
923341
427079
628894
459036
358144
743826
132332
780510
989597
334849
608185
378256
900744
142243
542210
961475
907576
276394
777224
466219
385502
366659
501670
739561
999799
397194
553186
849624
347625
340790
600900
717518
927206
822251
316773
252366
117149
457990
165127
769553
548036
633939
526909
606031
479143
414343
777166
410159
469841
907525
142959
441068
612625
681546
210386
846885
280310
557144
230876
774025
280923
484379
659262
569469
446514
734709
147028
173290
243961
538537
406094
487954
729265
139963
558506
163197
898846
519604
725306
860900
459757
106247
561449
879702
209672
824715
629925
929975
746448
872789
500855
320283
338208
643657
992976
284236
544794
334695
278045
981153
147360
409898
535410
956653
131564
320830
747652
801570
457346
883306
776767
219055
246903
709612
816117
567495
225128
958135
133199
713134
883747
846357
686697
302637
784699
373185
259847
517625
145226
365196
259791
678910
323138
236521
963861
185368
503984
146781
819475
342683
652869
714923
142787
709022
392649
295981
861046
703806
877978
244344
870816
815057
976684
753071
331396
633937
185024
840607
189035
372476
963531
888321
345559
313236
932961
185302
785050
869261
234572
973502
319884
343168
379904
212742
139737
422097
462941
701039
692425
416131
562963
180901
131410
995832
761293
458671
336726
616289
237169
692367
549212
928086
927925
257365
496814
779487
703285
459734
686411
232428
478545
662680
392384
932752
827142
438003
414731
516048
777357
370554
976042
142661
349597
336974
292762
131612
635850
690886
871660
653009
103175
766426
967849
639634
156871
478306
250756
902148
280164
770222
900806
800555
980337
784947
830213
130047
736151
111815
663072
423845
240636
486521
473303
451274
255610
683779
741090
890870
876754
406070
306697
846500
187282
272429
370797
756395
181606
895281
480095
932777
411022
268246
544606
522794
667875
327203
925213
513987
627297
167757
609166
343092
512697
453686
898833
598840
558034
729334
978557
437671
782087
540338
628808
580838
231062
827997
166808
737795
788391
481150
869868
180618
254104
560221
117912
832765
697440
870068
842576
226061
136720
355742
520373
478923
389024
265548
920451
491695
830308
477556
955784
104039
770953
602344
948219
107226
451455
164826
801013
216459
994612
470285
348257
954151
898338
683922
485589
150878
304773
179011
781856
265046
482842
752968
968413
351898
325102
261953
308659
331238
519921
235188
778177
671974
370775
577739
552027
368015
456137
851731
525022
621084
660108
331051
616864
101120
842388
857801
290509
781923
332617
487873
488685
271899
370421
897521
910635
597985
168491
717162
153147
643460
376169
422906
723286
946163
131736
703317
659805
988225
328165
397397
584585
628469
563651
462120
548167
663009
597505
253218
673430
924700
684552
203208
223429
343326
466284
204428
408773
373645
770474
409942
128628
574973
479974
262930
643686
579562
164672
669020
170081
396018
258432
111247
361615
303107
231588
318807
351998
368912
722801
922952
297604
356704
597067
991624
115283
140239
717212
543088
524552
483770
248352
996790
885554
635312
433429
720442
241270
935421
474264
190190
923382
903062
981878
187915
443553
607053
687461
654486
482994
223180
884478
244262
685841
897956
478891
816509
299884
253211
965390
398661
434481
352995
988853
385508
555773
720804
183058
309785
570967
968436
334280
617086
188168
745603
987486
596148
148081
972128
685897
141131
883864
793703
196971
978703
656533
154344
880336
810115
540858
770238
777056
778800
740391
255758
637193
320302
542601
306235
769346
973492
794678
730329
789857
833387
189352
900363
146781
707036
779509
691869
783697
676915
116373
660019
171876
734919
108489
945219
700667
189365
417292
661427
771065
840451
344788
112884
812952
847854
417010
493826
776555
868739
974388
698640
767363
255816
391577
690346
531500
866074
236154
162203
311083
741658
335410
599388
202963
704150
414025
299635
561411
464551
757250
915425
528328
833292
564149
773226
248242
291098
276137
967665
108341
686019
574822
506495
200070
950179
170649
584288
627531
871986
960500
396766
310148
384144
872573
274897
466344
317472
502555
877369
989722
406424
367238
441642
311355
605214
244253
930535
540729
115200
411461
773179
111953
222785
757756
871121
251913
258344
676205
596558
367764
963811
301787
842039
607598
782638
741158
297681
881854
863141
870384
891703
476549
299670
433102
892054
776912
241049
599404
840654
188637
172074
211471
252393
401084
713470
248691
667179
422382
213751
998180
376155
430905
741763
535645
332483
961590
477928
480205
574097
804170
760763
758800
871814
936735
852594
265172
562701
574519
239168
762693
575683
265992
172980
560567
287331
958519
604835
416203
327725
299375
519223
441684
827752
228746
362320
311945
577026
857097
907039
310725
435728
241564
821950
772232
849963
222057
172416
592443
509739
213524
402464
466895
208256
116740
159416
385894
419266
822454
480953
136297
224364
985999
478187
771382
142808
125143
381880
694237
833569
544712
175655
773185
959241
649764
578485
426314
502552
467014
763812
741950
398501
675305
101950
549191
329976
218722
627546
880923
489948
866779
315451
602244
289619
711174
334501
618709
892694
151315
188946
845117
974545
552561
593140
345805
458942
313776
509722
999165
232798
258427
306762
111308
490459
846440
796928
244826
614683
172551
320565
414085
903048
579790
288399
104700
830601
237164
682430
434323
