3337 7
2726457
1753015
7125803
7702918
7110168
5540595
6764246
2134621
7409211
9123077
5027668
2128098
5950425
2135319
7024364
3150276
9797591
5904265
6611277
4435338
9294233
6478348
8588379
6128561
9003830
9074208
7885703
5446941
4557793
6441445
9940601
4480664
7705355
1104959
8184761
3360816
2528119
9949805
6262653
2503498
2908569
2160008
2672716
6933523
5803879
7460002
6549818
7765897
5431063
8058029
8075241
3159081
6248561
4694733
2404104
8668757
9456314
5113034
2226089
1862861
4550239
8321005
9316460
6777010
4525201
4917492
7844686
4456052
8066563
5950039
3255416
2148156
2240653
2051469
5591121
3753649
7655347
4150755
3825829
6039645
9590340
1881376
7150065
9028108
5346490
6882605
8131636
2956481
4288036
8659811
7106108
6136674
8729056
6800647
4570175
7599245
4691586
1722258
9429470
6594949
8603654
4096538
6805702
8007065
1115700
7363548
8814714
8325049
2984424
8192273
9317579
5267730
8443461
4186698
2586076
6781045
6360702
6818328
4922242
1827513
5742998
2774493
8101105
7297284
2944400
9951243
8688633
5470799
6139001
9628508
4689952
4465588
9521096
1361412
9745486
5525321
2632471
5272385
5558099
3709305
9362334
8474566
7452964
2372014
6533480
2962724
7089587
5908109
3863008
6978074
2196462
7044540
8431630
1755161
3146369
8992404
8406992
9839618
1995720
9411588
5070225
4807450
6651939
8999608
4654036
3947449
9628445
5720476
4245913
5737450
3823820
6529242
4294629
7925132
8927436
8029217
1058683
9108604
3325696
7678761
7521855
5282874
1942140
9633764
3100959
3805147
3905531
6217359
1566546
3500084
9279050
5406319
6649326
5371199
9710626
4804643
3555773
9346566
4270374
1591771
1182275
8092683
7653914
7557920
7178557
3306919
4921373
9767206
2646787
2440616
4491755
5072972
1815718
5083377
1625904
3590194
1065262
7571395
1311953
7239459
8803246
9304429
6020606
5047092
4313099
8548938
1721154
2760174
9196777
7626739
4620072
5884887
4044236
9231729
7154867
9993583
3863714
9364849
3093498
4124119
9973905
5208863
4222656
9398671
5908824
6517107
2968278
5070864
2379995
5324794
6869690
2982921
6323757
2751498
8367689
8646430
6176231
5590148
5596906
3020021
3857992
1061343
3005896
4956679
1886367
8938107
3978913
5950848
1808531
6468238
2478000
3688882
6701957
2755295
6349923
3620138
3238378
5596765
8989416
8489584
7734839
6400476
5424921
8209280
1933490
8100796
6635539
4918071
6022739
2407003
3790662
7893049
8934356
4510953
7990446
4645840
4810084
8279849
4112053
5342821
9011233
2466936
3295785
9231109
3664388
8750876
9415903
8760492
5263411
6815232
4156916
5760122
5354732
6315115
7282208
4384490
3345597
7014644
2090179
9535558
3671915
3890316
4888830
8113492
8386755
7821500
3262280
5144347
3834007
6511246
7116228
1476632
5177868
5787105
4725541
9289064
9087092
6534579
5142501
1028176
5569360
9290038
4139677
7089854
4813538
6544027
3027731
9165691
9367061
5002061
5584333
1958590
8662180
7902995
8554765
2735908
8450326
3780005
8912083
9073537
1739310
3632173
7165709
4461572
2117014
7353405
2019299
9280433
1904469
3401136
7226915
3288066
6058388
2147831
5798867
8968989
7408705
4135405
3776086
3131930
7930011
6535225
5214387
8616709
9435212
6236801
2307056
2170752
3434820
3875103
1353280
4610739
3073052
5351740
6230329
4833203
6620431
2912984
5944797
6081935
4200779
6583035
1105090
3441609
1075404
2936762
9145326
5241360
4353121
4163027
9081914
2155055
4488761
1058674
6423912
8612807
8272865
9548472
6311780
5662754
9683895
4584048
5780701
1306396
9712948
4719511
3571833
9584818
3419092
9252250
2148861
9604553
3322065
7813962
3674687
8874128
6035754
3011555
8576115
5311609
9389460
7663315
1475670
4620185
9722075
2877802
3306367
3684916
7949119
4070384
1887866
7962175
9562979
7609154
1486987
5701824
4420333
8779709
6973954
4793081
3393064
3527753
6392003
6758431
2189290
9435585
1508799
2242201
3750304
3185243
9613831
4699489
7606738
7145131
2211380
2872006
2676844
1985767
4327372
8162908
2634721
5510309
7000783
9385468
7703446
3214086
6519033
5807128
5680856
4102488
9038780
6939961
1764996
9494882
1592889
1515565
1757300
1732318
1409726
5486691
2780679
2302663
4157373
9950780
1408972
9480442
3822563
9652658
2514098
1331672
7474464
6696941
5799037
8728472
3571214
9393171
9449618
4869121
5166391
2134623
7991067
1536106
3285768
3150757
9804771
3692191
8732130
5791732
1162339
1513638
4944469
3154637
3131429
8301063
3067800
8088516
4338029
8954833
9120396
1330863
3132831
2527498
2222617
8454152
9975226
1893618
5751387
2223191
4147716
1508828
5325879
5118511
9138704
4732691
9839878
1510611
2733541
9266464
6521966
3248301
3963744
3414911
4347637
3889671
8172509
4261923
6059426
4756414
6328451
8152556
4735832
1990076
8757076
7606043
4454012
3350208
6675472
5538178
5614606
4532939
6524128
3328989
2421050
6505059
4726366
2269688
6542243
7772430
2488661
2845518
1348116
6009884
9803510
1315248
6543541
2617098
6696763
5883123
5686937
5988061
6485832
2965985
9376871
6917986
1012162
6853436
9549612
8690908
6617556
5950246
5134895
9880916
4826441
8334122
7676639
8529814
7162908
3775370
6757854
7627120
1375136
6896639
1290100
8534679
1657204
4920409
9729847
5700274
3110446
8926628
2039793
6277379
6841983
8638606
2696361
8155044
8586941
7067165
8806615
4185470
4380135
6384697
4951966
2782737
9325607
8389948
7760714
7175252
9968341
9360044
1810336
2414003
9724946
2534777
4608564
5564737
8872176
3811495
4911656
2321319
3444431
5535711
1011078
8059853
5234454
9252335
3960261
8491881
2874673
3024449
7658159
7253206
4217857
9182797
8919829
2267213
5037644
8458836
3085873
7686810
2190075
8004925
5867341
6174563
9196723
1304093
8410423
3133859
5740224
8889801
3371003
6840883
6128780
8688526
4518822
5321409
1849136
8246319
2108243
9687353
3447934
5532760
7622140
2910284
3739110
4398712
7518505
8957918
9239412
6609261
4196670
2240722
1490604
1240519
1571956
5601974
5721362
7995141
5434833
8312107
9307968
2990463
1151076
3254674
7128163
9094967
6031078
9279146
7575358
9268417
6314164
2907874
7611421
5374126
6073700
4288454
2672539
8855025
2755069
3081304
8505192
9542626
7546235
8224972
6138613
2317106
7541423
2784038
8458512
5050872
5830026
2622662
6543039
3062694
9673300
9059994
3907205
4571413
8057251
8224538
8432668
4474623
7406632
7773952
7853541
3535178
1640839
5372666
2748283
8167494
9959006
5061985
9180590
8910452
7649987
2902308
5818023
5517077
2803704
9282607
4278787
1499709
5472126
9175884
2896155
7852494
1737867
4428578
9335558
4277737
5274719
6188406
9463647
3248094
3147829
3238593
7232895
5082674
2888922
6903005
9849113
2958985
7350694
4421437
2045189
2148056
7714052
6882105
2415926
7914401
3168758
2335254
1481444
3006168
2506992
4708918
4985027
7940984
4864021
7478100
5457564
5965768
1367660
7377928
9451960
4662075
6085616
9567690
1209715
6488478
6394519
2915511
7515459
9380331
6041930
9974473
3175157
6978988
2277658
7375064
4189843
8584089
9446217
9478282
2899004
3299804
8598443
7636535
9030949
5815499
5398303
2675179
8925630
4402951
1584573
9933433
9059575
3723432
8450793
7877667
8646228
7456186
6557720
3880647
1452014
6580724
5388002
7811382
4804288
5778231
4666216
5047236
3598082
8332397
8675969
8436622
8375877
9399969
6221839
4265784
9442945
7000669
6968750
5858436
4651164
2093463
8347088
6388199
1663787
9485976
6355916
2287944
1579429
8226681
1252834
4741541
3647571
7523066
8583178
7030661
2217914
6863022
1464827
8074850
7913862
9502084
8601907
5227713
7009813
2262917
4012372
3889111
4873205
5341720
1480255
4501671
3210979
9278659
6475205
9621752
2336514
7818400
2222926
1735571
2732111
6923508
2380377
8696516
1898732
3040658
4183298
5394838
4814820
4102666
6734949
5434041
2493856
6179174
8803122
4209739
8570187
5713645
3194506
9823786
5634182
3486774
2417882
6931611
7035423
9463727
7336614
8717250
3221014
7861920
5352697
7833947
7405793
3030887
7490526
5272183
9073053
5304489
1264912
7546812
8961143
8593239
9196591
7093810
5755554
7358990
1672826
6473363
5235075
8973108
2157320
2701623
5709195
4121197
5248910
7884220
5193866
6650771
5218106
4586962
9596768
7560357
6117052
7840804
2519258
7334078
7484049
8961074
9618324
1056791
4467524
4727928
5249605
2805903
8070789
9490562
4052715
7780944
4487830
4557999
3790143
9500583
9627640
4842698
7739911
8791107
5359029
9742465
6063279
5699104
4972177
2449963
8695063
7426020
9054785
3443531
6550837
4309067
5360285
5771963
2334268
6165496
8913600
8400335
9279004
1283283
5328670
1373813
5310564
8531924
6184162
6814016
7811917
8540422
8295638
7216030
6156739
9471645
1108640
1613571
5566234
8274794
7477185
1123590
9059078
1942566
8137138
8121739
9330172
7453612
7590502
4822315
5495838
1800698
3665391
1532549
5099143
1859722
8123340
5092478
6165458
1183724
5552547
6310970
5733020
3300087
6454021
4249229
1263638
4313270
4395325
4730218
2508622
1879336
4996558
3258026
8396342
9271010
6132522
2224821
3299999
3664430
5247623
4396839
6350772
1364571
6946156
7605656
1973570
6032148
2937229
1112004
3721095
8717331
3158624
3704505
2885208
9278586
8906167
7920471
9978798
8021779
7909473
6813315
4099368
6121623
7440338
8051348
6051482
3634712
8755523
8886321
6578025
4331115
9662086
1801191
1696335
6421262
1360292
1022112
6306082
1891045
8838967
9895459
9445623
6756560
7631085
1128177
9504579
2945580
7784428
1658535
7024819
2260764
9615091
8388705
2031728
7032490
8719163
3684061
3435382
4190948
3758659
4158751
6789140
6240452
1068740
8700890
4817037
9767455
4984522
1914138
1877950
3893029
3800278
1847094
8621798
7479293
3585477
5120982
4406884
7311827
2405496
4521758
2535758
6471239
8700664
5164587
3871944
8071273
6719358
2867423
3726635
7663742
1643973
5102240
8595837
5861231
9745543
4790831
9225788
4229513
3956790
4240789
7607935
8635253
6572572
3787194
8438993
1513633
4378099
1003758
5167028
2863877
5196903
5535127
6986147
6997012
3275333
7115928
4773916
2369838
6707669
7617122
5284604
8979995
3329126
9287743
3439482
6903747
2336024
7844135
3542179
1366495
6382893
5122075
5327699
2697112
2648067
6049735
8968356
1077581
9179795
8336494
8979138
5601522
8699487
1304879
6906017
5521693
3557529
3350516
5776897
4035175
2913692
2917380
9583855
2183715
5553355
9147634
8998927
9174752
4176496
9647345
6930794
7397769
4958326
9912558
8888063
2599580
1669070
3329941
4960875
5319855
1419966
9150590
6645523
4262974
3259072
1318411
1266313
9913787
1960116
3114676
5717634
6849735
8520014
3977703
7067650
5129484
9775352
3969137
3681820
6815481
3606462
9939678
6300252
9254196
9630001
4034770
4809436
1585085
5818232
1586458
2743332
2019093
4527010
3504215
3351087
9053698
7669187
7689366
7316639
1518128
1352023
6894608
8770896
9690485
5551879
7337159
8966042
1651824
2410235
1773353
9487970
5578740
1399498
2174273
7107674
8518737
6614476
4946503
3981946
1190511
1901094
6315080
7213053
6251309
2442950
5248639
1250786
3145291
1601799
1969940
3958922
7159857
9388145
9303768
9083097
7199274
3783360
6874307
1032673
8572387
6935522
4491173
6488000
5301643
6698229
1389469
3802891
7219399
7175362
7912724
3127525
8645912
4245425
8927403
1795606
1666853
5890735
1567465
8684538
9717480
9409051
8309250
9130429
5807322
3209027
6056426
5132990
2833989
4788823
3235574
6500299
7501081
1601972
3727350
3337750
1229874
7460850
9817551
3355645
3084104
8183385
6244858
1933413
6999540
6057541
2966134
4959257
4169854
2520002
4115603
9949126
3211422
5695360
8205652
9124755
6334962
1745691
8957412
4042048
7776587
9952210
1547825
6558944
6316705
6406871
7289118
7041003
5633570
8630465
6255505
8118900
6993939
5138231
4062289
9953407
1126596
4486402
2558837
7262763
8112015
2270230
7351491
3387522
6055280
8172444
1610628
1003171
8541711
1594369
6623094
7560468
5008745
9279952
5801229
8383209
7056089
2958112
7253749
4223176
8602084
2912680
7257477
2143541
3976453
5962273
1129759
1403841
3790488
7889930
5049293
3763999
6520002
3004310
8913586
6656179
4447768
4579392
2212624
6442930
5104414
1219823
3794906
5857138
8049511
6259490
1187147
5662517
5861091
5744339
4998426
9544384
1435465
9151729
4222122
6374728
7364790
4447878
7126944
6109803
4302861
9498999
6565669
9790404
4639094
5193414
7752572
9357734
6805777
5406388
9493547
6491419
6377396
9963247
1896030
7883502
9537176
9112880
7278061
7932464
3197522
8743834
7646175
6847497
7318229
6374503
6946635
6707108
6954154
4688647
3803003
2409819
8968689
6934599
2606384
8100856
6976344
4060289
1176630
6910823
7232032
7380700
9954493
8532267
4868729
4781736
8286708
8050432
9138353
3054316
5449605
2352041
1544519
4702369
6122157
9095755
9092551
4056283
4290892
3131008
3963411
3376722
9286469
2436765
9095916
4119072
7283872
2234035
9864124
7694819
3505956
3273613
3267161
9248245
8529213
2525092
7986647
9263887
6540978
5801384
4594031
1304883
3567768
7015288
8323614
1177335
8144277
6483165
8863590
9202591
9314275
6578708
1191289
6695473
3051320
9099144
9262545
7787563
6730555
2331740
6169526
2419722
4853710
6948294
6993505
5847120
5352149
1027757
9999706
3820601
9076342
5255777
3770491
7147351
9217550
1038247
9704417
4640857
8926723
5226690
5978689
3159651
5765658
8772501
2778562
5486234
9202889
1789213
9081271
1452091
7333381
1764236
6900615
4464064
8390925
5852162
5611397
9172504
2754687
6358344
9864599
1328971
2094449
3393961
5873940
3845280
1242754
8242358
3062528
5920434
5642142
2562449
7055667
7766931
5605329
7971575
9454593
8245125
4617474
9987550
5420600
8485478
6970168
7711262
9278934
8020078
8498713
4793121
5992184
9240041
2097306
4565291
1558657
6343739
3714499
5980401
3506789
5258974
4584393
9528693
2926375
4829484
8795073
5277565
7475152
1108419
1859305
1622812
3830287
3459667
2329699
7517478
4189912
5286125
7413744
2073050
3349085
9067646
5841732
9677727
8900949
7617972
1565313
4757523
3107035
5741606
5250766
4217296
4970350
7721388
3289608
5217818
6404580
3826601
3411604
6532828
5211154
8712746
1776987
7432073
2823306
8556946
6403290
9274969
9908243
7717785
3027536
6227804
8480475
3422415
8119765
4144629
4903984
9140337
4110213
2192566
1483726
3296207
8075482
1209401
9177529
5532223
6402639
9662715
5833233
1926221
4882783
3035438
4502757
9699565
9614107
9713781
2683739
1236678
7425476
6564577
5834680
8970938
9968117
3394223
6547942
5384691
9932418
9238451
7744676
7990880
2131834
5447825
1823263
2455080
9538514
7640289
2260044
9222130
1368151
2490684
8650179
4802528
7649741
4475980
4184578
2350819
5834292
2735350
8897258
6580155
8469524
8824282
6147374
3336974
5079252
7391842
5798833
1630016
3898540
8752585
8183087
4445355
1728255
4141613
7028781
9693437
7717693
9369630
2440416
3613467
3379229
4217601
6176230
3381903
4182732
5443590
4562662
6515014
7499137
3975513
2778224
5666316
1086167
8082990
8896082
2337332
2920505
7682568
4752143
6394433
3895964
4518784
5508898
8162814
3041685
4663978
8784994
3883769
8900579
7602976
6327163
6009413
9594596
7741870
7791977
6611408
1026277
9980888
5877671
3924959
6136339
8201023
1073788
8398178
5206112
5628670
9903814
4814006
8716868
8920354
6046008
8678781
9123434
1614542
4028336
9592523
6152853
9101336
1662223
9746448
9364475
5070620
7932960
2708480
9047858
1047180
6906457
6077158
1320620
9277312
6066521
5358971
2796082
1192160
7244883
3708349
2776697
6713756
3815130
2394517
5122606
5015959
2868231
6970750
6764420
9739396
2995023
8344454
2776704
6715223
7698104
9155882
7853404
3482461
2870932
6661785
8074170
9283999
1056984
8293842
5194978
1805103
7346577
2748739
1859005
6320483
7506168
9950646
5599405
9847437
7627039
1385590
2561839
1991253
4122672
7385392
6713675
9449596
5475486
1102095
2923851
1253857
1236897
7547285
8462340
9482554
9060719
5130900
6575598
3730400
1089672
3330369
8845208
6627997
1981124
7978922
8820428
8544969
3014390
6757277
2638459
9961382
1458444
5170161
9938157
7646442
3404587
2248127
5180976
6002620
3986038
6371520
6818677
6471644
7692803
5618672
6461088
8402431
5959837
3993767
8523246
2217468
7568757
3884810
1302481
1106550
1234897
3389657
6260797
3984408
8002211
2519068
3895366
2317451
9126996
2766264
8453305
5783458
4508491
8906305
7977275
7378109
3530458
7073299
3968097
4478980
7209400
5883863
2154200
3318896
7589156
4249271
3653436
9244029
7318193
1720132
3413631
8284095
1111753
7126120
4404029
4385797
5968100
8649596
2272769
9055654
7425367
8581687
5592581
7383617
7922065
6427868
6074848
1378680
1513910
1667872
8942524
4478945
3927600
2314671
9486838
1094556
9222553
6123987
2292955
4289446
2442138
6714417
5327239
8619168
8267629
9372093
6727998
7738232
9017039
6116864
3672725
9785041
2156083
6543455
9316666
4169592
7757664
7449641
3107543
1077134
1891759
7451904
5663922
1671682
8164747
6860519
7017153
5200780
7446448
5074110
8121309
2341202
3665571
7337927
6562547
1986394
3621903
6795991
8586630
3572782
1985149
3654998
6106105
5792511
9173409
1481455
9449948
5990572
3241696
3346024
8588187
6808216
4409268
5851715
5927286
9915353
7940214
1798790
3174281
9488332
7543879
4446841
7912119
9119608
5456181
8922946
6718429
8669271
7375286
6312448
3368796
4917542
6301595
3934443
8947584
4977952
1243031
8816170
8916480
8224248
2190048
2738207
8978931
5271013
4458303
1689415
3784884
2044761
1264359
3170217
5127370
1232630
8239210
5644883
4723674
7753382
7509304
8813059
2001282
8121013
8699504
9555588
9750222
5935314
6974463
8211836
8175891
4900309
2419863
7768231
4598937
6597870
6120158
9733686
8839515
1397499
5515959
6268473
3358385
5218448
9112152
1286584
3928219
8035894
6473580
5664634
8950375
3029359
3615105
8289948
4688251
4278420
7186359
5763713
3082593
5127709
4685474
6649757
7721665
2338179
8728053
4442182
6468231
6508902
8357231
4248910
4789683
5490620
5845352
1590114
9248831
4285099
6542790
7656971
3426482
1098431
9276856
6486932
6442023
9391403
2161485
7368011
4652742
2582289
7617104
3400018
1298112
6463065
1610328
7422521
6869765
5350748
8001623
4311294
8285254
3627042
9190951
2041527
4727455
1069759
7216310
6922138
9960446
7815044
6442532
3601631
9808468
8580553
6736789
5457048
1083317
6030045
7534777
4258564
3801944
4551572
8797477
3175748
7481719
8522614
8803690
1706828
7163657
6677714
2208392
4770682
2469814
1951514
1768353
3584784
3182336
6032083
2853727
4520116
9213317
9145206
6888576
6299323
7430284
7128533
6595617
4038312
3880352
8385793
6807815
1292422
6275065
5618173
5862439
6553051
3987015
5463729
2184627
7229143
6701918
6637174
7284564
6778606
7930675
1058066
7197067
2884086
8957640
1108441
3439067
2998868
7119911
9339098
5324349
1517935
4004783
1352066
8842722
8539087
6544776
4452139
4580781
9914537
9075073
3443019
5532176
2512802
1039175
9667056
4541890
1875765
3184239
2270686
4236369
8786149
9101189
8700837
9652193
9123620
4119168
8464308
2460978
2055247
4187093
9087088
8871274
3816606
3338466
1264619
2296920
3265778
9341340
2927073
6752444
9285546
6833735
3138309
1348402
6972447
1427740
8270154
3134020
8203234
8352862
8004406
4769916
1573960
5198119
8794019
7142348
8143738
2548308
4733865
1854123
6841860
8799719
8154253
8958044
2644003
3309002
2074634
1765432
1515008
9456668
3041798
7805784
3549560
3715702
3448532
5124545
6963863
9406712
2132722
7297798
5237230
8978330
1230552
9300435
5365081
1161032
3692244
2767043
9956405
9132525
4430333
6016255
7832427
8358612
7692926
9337277
9036033
2983697
3205404
7098497
3057538
2712700
1304753
6813792
1304707
9899237
4565888
8305324
4867711
9696162
2617183
2660694
9753115
6879829
3348109
4698686
9267326
6810276
2377523
1440251
6244634
3810546
7015557
9230704
2862341
6022404
4698176
5386038
6563205
5063368
2051289
8678153
6677407
1014971
6852926
4270825
6377359
3745800
9123800
9950379
7511942
3421263
6194262
7925818
8183119
3402002
1470141
8255046
9444431
4715733
1691578
5086749
4877727
8572465
2002795
5561950
7482013
9457161
4408673
7343846
2592168
6733380
9513521
6924806
7672886
9416708
5277456
2059681
5054341
8552874
5016334
5309179
4970741
3430961
9225760
2030039
5682786
8775707
3092192
5406157
6290877
9616634
1805455
6731817
3249239
9962363
6739860
2967533
6894541
1014269
6665089
6986884
9522067
9664080
6867175
4729612
5948939
4735935
8879513
2830322
8778381
9760872
9086008
8169440
8664896
7897697
7589948
7027978
9884440
8016190
7523167
3942867
8518569
8966362
9293045
8065881
1021456
5994557
6452377
5500291
9731760
7481809
3121509
2063363
5829457
6805503
5310922
6765175
5144385
8508221
4332087
6471897
4531685
9351057
9230867
1331797
6896483
7827210
6781548
8535426
3690699
7983347
7849571
4927192
8935275
5908971
8433977
4687566
7763782
9557054
3908183
1738788
7349578
3679360
7057158
8432882
3501184
8064667
5657086
6800937
4816833
9077935
2459171
5112125
5500976
2933251
2953345
5672248
7067781
2106726
7802430
8344520
2517095
1218088
1225544
1511797
7580947
5778688
7598923
5151605
4500110
6171401
2893226
9592061
6660786
7925022
5637129
4508733
4353181
2646643
2347702
1047456
4221991
8046788
9944124
8935885
4457539
9924894
8404427
6268123
8330283
6948764
3247744
8148261
6079508
1737338
6414107
2052489
8703500
2725992
1442861
8429223
4701368
3701384
8493377
4810129
5868627
6605395
4053659
1409007
6145913
4204384
3018064
2529871
4496612
8447115
6167764
7281240
2409759
6674649
4688503
7624258
7780959
3700074
2649577
6723355
8155186
5858575
6724882
5784107
7031212
8926932
2953066
8632685
5628862
1396549
6705299
2831751
7087776
6479661
5034394
1819825
8404934
2235816
3346116
2165959
7175531
4097827
3574157
8758368
2425515
1295222
8139704
8456464
3970653
7109871
3944421
1269995
8011788
1039706
5709966
8616152
4581050
9032411
9331180
4732193
6202070
6408418
6411895
6083895
4833580
2201896
2856559
3857154
5313336
7206808
3084233
5613333
3080763
8727436
3937465
2492902
7373633
3344335
4752845
7348869
8132073
2239410
9204244
4433522
4287548
4865719
9241177
6785260
5546316
7663457
6725366
7477153
6735920
8679215
1387088
7213537
4685967
6420231
5784484
5700025
3615281
6695949
9241555
7792830
3653075
7648937
7885204
6290801
4177470
3599348
9653960
6900525
3175426
2488986
4325604
6359880
3410866
6634139
9230217
4457443
4663525
6566328
3784382
9809067
7139629
8295247
2034780
2634160
1338025
5621424
7693108
7741410
1546728
6047049
8690241
8219847
3388797
4333763
5735009
2748721
2122439
7467836
8299072
9619080
3578218
9926017
4518062
7346046
6390334
3141616
6056409
8824851
6819718
1553190
2527275
2116437
9262384
5333521
8829161
4164270
7236073
5627829
6420417
5570771
8457386
1161561
3885316
1978923
5222479
2072465
6971299
4493173
9726429
3866367
3668853
5707487
7969777
6888416
2055728
7410028
8592445
2684694
4364321
8833319
6603622
3896628
1385205
5025080
4757515
9981380
5067217
7235703
7561739
5299355
2289277
3195596
1451726
4343270
6827567
2344484
6324553
6646822
4882261
5520387
1918988
5898722
6467019
7397896
5729616
9715662
3937367
4763669
6807989
8036942
9520812
3800318
2968797
3584942
2947740
6293184
1264558
1209925
3840189
5785755
1413339
8285349
4757503
6510736
4028339
1304811
9663951
2080715
2319111
1184850
8941436
1584992
1149967
5063376
9702141
5576485
7072692
5528423
5451060
6148268
1882520
8901495
2579203
7769278
8647391
5240546
9767283
8895128
8679128
4280063
8348048
6100763
6582261
2040949
6736801
8153971
9409916
6753748
7620376
5354598
4713637
3668330
7314141
1450656
1188036
3428885
3788578
8742292
8488437
4337721
5744650
1962738
2120209
2271195
5335935
5973643
3188283
8148045
3024052
6417699
7083316
1018897
1711894
6493899
8694076
6718544
3889538
2914850
1879064
5432604
3912414
2380222
1687987
1440201
8632390
4252020
7217698
4777195
4039209
1980601
8363299
3100426
6776874
3510742
1947568
6336281
5349027
8870705
5925762
2116770
6351617
6515551
8463789
1295988
4808576
4369807
7437618
6609954
6756579
1099768
8070963
2296605
2274451
6119626
4813020
1935606
6338689
5187868
1621701
7994770
4059586
6431248
9978124
9054404
9834178
4263370
4469101
3458419
1966427
9404122
6336495
6390965
3061071
1298723
6250015
8723247
7120557
7907314
3687356
7627558
6098426
3292213
5736498
1884762
8540181
2942893
3749927
2370590
7704902
6380499
2405932
9664925
5299376
8797065
4807574
3790281
1132443
6924678
6761506
3632480
9117298
6156308
9865816
9726507
1121643
1089390
8757916
7195045
5301637
9427611
2638257
9683488
8721481
4861588
2493724
5432184
7575648
2367491
4902220
9218645
3922223
8358667
7777229
4921820
1196447
7373391
9575997
8766433
5153341
1662019
9186989
1807581
7720691
7314575
9365069
9705209
5975621
3300606
8547798
6359291
2311094
7637513
9475159
6033301
2302730
7740024
1403706
4582718
3539105
9855978
8069703
1953949
4642177
4767552
3542253
2846638
1874977
8585536
9587369
8050362
6480300
6715998
6219628
3771958
1672461
2205408
4185903
9658996
5617174
2562798
9837192
5710845
1776193
4059286
8455102
3467733
8872152
8942757
5490166
5209492
2535283
9825489
5414187
3692882
2169487
4622086
9843406
6326661
1801369
4304863
5575739
5303367
3997376
3944783
2822617
9562057
1593650
2310453
3090147
9312358
3179150
3686135
8596484
3866267
4542080
6090472
1030799
2203801
5900654
3727506
6374298
6119513
9378064
9415729
4169502
7044532
5076796
8847676
1823343
4922642
1651041
8998997
3699795
1338288
2393494
4955410
1317723
1867888
8862066
3133371
8258900
3308514
2715425
8772938
7582677
3022516
7130204
6761997
5097290
5338950
9334425
4785367
8081567
9091524
4095540
8685594
2099574
1638987
3382720
4346470
3120162
7066295
1919670
6746551
5684538
6625215
2663346
4835092
2101930
1496431
3574048
4890194
9348089
1423411
2361952
1341248
6738735
8104764
1024232
4156758
7523284
8334528
9203208
1926456
5362668
9480313
2134814
2529413
3308256
6545531
3576094
1526612
2480370
2485008
5828748
3006878
6040871
7854065
3885934
2421935
1340306
3782540
3604154
8007406
6006326
5060346
2179317
7624066
7426071
5280020
1874422
9410063
1840589
4606817
7039853
5529169
2251930
2393279
7111223
9048213
1716262
3602335
2318053
1787588
8450980
6744286
1407128
7351842
2384885
7040400
1048521
3527693
8055953
7683789
1370995
4212100
3006705
5163580
3198382
9715927
7941114
6711173
2105326
1069047
4966397
7910338
1625203
1860241
5134744
8249810
8432664
3381406
5626642
7368475
5851588
5488653
9935309
4108311
9364456
9150434
8865187
4953418
2406221
9077431
5194710
6362804
5760149
6805711
8568960
5876944
6462946
9157546
1553309
8890282
3217206
1905671
2716636
5714152
2955801
4172854
5189419
4064253
9110176
9232186
8370693
1505722
4769003
2541052
6024989
9899091
9645190
2816507
6085128
2531539
7532253
5285026
8281790
5684537
4822313
6057275
9002500
3833764
8303222
2168945
2461474
6124757
8537204
5093041
7011493
9896609
8589906
5273389
4238024
8171540
2838459
5609002
1992321
5303836
2039760
2960546
1470310
3867327
2479369
5894942
9448766
3647497
1735309
7675130
8719305
2028471
2640948
1012558
6856870
6858302
7770334
1376244
3377765
6671173
1962942
3123805
6308758
4032026
3268519
1919363
6424946
2317904
2481053
5652400
3931202
7922020
5144007
6560911
2894057
3974018
1631351
2869012
9322312
5719278
9629022
7160060
6094717
1620607
9358146
1322746
7477195
1359235
6259113
3021107
8025245
6896615
9529991
6839222
9830469
9267849
1142508
4988136
1184884
9895903
7392123
2696543
6679606
7029372
5600530
1994681
8380494
9043986
2163375
4856544
5946587
3993776
8134668
4864325
5603049
3093255
3565386
6481122
6527532
1053123
8533784
